  2.000000000000000E-003  2.000000000000000E-003 -0.366152631846389     
  2.000000000000000E-003  0.304332916666667      -0.405139744009894     
  2.000000000000000E-003  0.606665833333333      -0.420540350793099     
  2.000000000000000E-003  0.908998750000000      -0.415453310338204     
  2.000000000000000E-003   1.21133166666667      -0.403068926933365     
  2.000000000000000E-003   1.51366458333333      -0.387664707415884     
  2.000000000000000E-003   1.81599750000000      -0.371345128063250     
  2.000000000000000E-003   2.11833041666667      -0.355689011607298     
  2.000000000000000E-003   2.42066333333333      -0.342410111145716     
  2.000000000000000E-003   2.72299625000000      -0.330900845259171     
  2.000000000000000E-003   3.02532916666667      -0.320733713081413     
  2.000000000000000E-003   3.32766208333333      -0.311917526041328     
  2.000000000000000E-003   3.62999500000000      -0.295551722159793     
  2.000000000000000E-003   3.93232791666667      -0.274720236640494     
  2.000000000000000E-003   4.23466083333333      -0.247112354417843     
  2.000000000000000E-003   4.53699375000000      -0.214651428549190     
  2.000000000000000E-003   4.83932666666667      -0.186247359707622     
  2.000000000000000E-003   5.14165958333333      -0.164367253384714     
  2.000000000000000E-003   5.44399250000000      -0.149395510990841     
  2.000000000000000E-003   5.74632541666667      -0.139991894972521     
  2.000000000000000E-003   6.04865833333333      -0.134990852749728     
  2.000000000000000E-003   6.35099125000000      -0.132753441335435     
  2.000000000000000E-003   6.65332416666666      -0.130350618503458     
  2.000000000000000E-003   6.95565708333333      -0.122315885228830     
  2.000000000000000E-003   7.25799000000000      -0.111153596793183     
  0.304332916666667       2.000000000000000E-003 -0.405115176164140     
  0.304332916666667       0.304332916666667      -0.466215077970328     
  0.304332916666667       0.606665833333333      -0.481858992179599     
  0.304332916666667       0.908998750000000      -0.472164814488202     
  0.304332916666667        1.21133166666667      -0.456111955902062     
  0.304332916666667        1.51366458333333      -0.437826706047753     
  0.304332916666667        1.81599750000000      -0.418688700988378     
  0.304332916666667        2.11833041666667      -0.399352360176449     
  0.304332916666667        2.42066333333333      -0.381474076343504     
  0.304332916666667        2.72299625000000      -0.363495977469242     
  0.304332916666667        3.02532916666667      -0.342264186043375     
  0.304332916666667        3.32766208333333      -0.321233753899509     
  0.304332916666667        3.62999500000000      -0.306784926119418     
  0.304332916666667        3.93232791666667      -0.288345614455945     
  0.304332916666667        4.23466083333333      -0.258878053384739     
  0.304332916666667        4.53699375000000      -0.225781202870188     
  0.304332916666667        4.83932666666667      -0.196748521579471     
  0.304332916666667        5.14165958333333      -0.174101527728055     
  0.304332916666667        5.44399250000000      -0.157976625986991     
  0.304332916666667        5.74632541666667      -0.147354033672190     
  0.304332916666667        6.04865833333333      -0.141163998501066     
  0.304332916666667        6.35099125000000      -0.138122532642994     
  0.304332916666667        6.65332416666666      -0.135819007980252     
  0.304332916666667        6.95565708333333      -0.129225322512392     
  0.304332916666667        7.25799000000000      -0.116322811279684     
  0.606665833333333       2.000000000000000E-003 -0.420501387564171     
  0.606665833333333       0.304332916666667      -0.481932135805846     
  0.606665833333333       0.606665833333333      -0.517939713507233     
  0.606665833333333       0.908998750000000      -0.519014863069672     
  0.606665833333333        1.21133166666667      -0.505308522535050     
  0.606665833333333        1.51366458333333      -0.486981486869968     
  0.606665833333333        1.81599750000000      -0.466194671037440     
  0.606665833333333        2.11833041666667      -0.443784134066030     
  0.606665833333333        2.42066333333333      -0.421463066929240     
  0.606665833333333        2.72299625000000      -0.399090303858821     
  0.606665833333333        3.02532916666667      -0.371096489431135     
  0.606665833333333        3.32766208333333      -0.340747074573800     
  0.606665833333333        3.62999500000000      -0.314583080501740     
  0.606665833333333        3.93232791666667      -0.290010194464596     
  0.606665833333333        4.23466083333333      -0.260967791186328     
  0.606665833333333        4.53699375000000      -0.230433525998669     
  0.606665833333333        4.83932666666667      -0.203595797887756     
  0.606665833333333        5.14165958333333      -0.181750271994101     
  0.606665833333333        5.44399250000000      -0.165260018638432     
  0.606665833333333        5.74632541666667      -0.153829444219301     
  0.606665833333333        6.04865833333333      -0.146675141973487     
  0.606665833333333        6.35099125000000      -0.142471758874165     
  0.606665833333333        6.65332416666666      -0.138134211479636     
  0.606665833333333        6.95565708333333      -0.128471945008661     
  0.606665833333333        7.25799000000000      -0.115788310029574     
  0.908998750000000       2.000000000000000E-003 -0.415412370232319     
  0.908998750000000       0.304332916666667      -0.472228326680724     
  0.908998750000000       0.606665833333333      -0.519064806644382     
  0.908998750000000       0.908998750000000      -0.537996643018288     
  0.908998750000000        1.21133166666667      -0.536908902772752     
  0.908998750000000        1.51366458333333      -0.524959787377760     
  0.908998750000000        1.81599750000000      -0.506338879686303     
  0.908998750000000        2.11833041666667      -0.482307750524103     
  0.908998750000000        2.42066333333333      -0.458072434324927     
  0.908998750000000        2.72299625000000      -0.431444603660057     
  0.908998750000000        3.02532916666667      -0.399457548747664     
  0.908998750000000        3.32766208333333      -0.363144690796071     
  0.908998750000000        3.62999500000000      -0.327432320062017     
  0.908998750000000        3.93232791666667      -0.294205525990987     
  0.908998750000000        4.23466083333333      -0.262566304164206     
  0.908998750000000        4.53699375000000      -0.233467562434009     
  0.908998750000000        4.83932666666667      -0.208522711299773     
  0.908998750000000        5.14165958333333      -0.187573296627297     
  0.908998750000000        5.44399250000000      -0.170750333676874     
  0.908998750000000        5.74632541666667      -0.158407437652965     
  0.908998750000000        6.04865833333333      -0.149712763938360     
  0.908998750000000        6.35099125000000      -0.143101724975744     
  0.908998750000000        6.65332416666666      -0.135758024121534     
  0.908998750000000        6.95565708333333      -0.125073652827968     
  0.908998750000000        7.25799000000000      -0.114132389130910     
   1.21133166666667       2.000000000000000E-003 -0.403036638427521     
   1.21133166666667       0.304332916666667      -0.456147003746779     
   1.21133166666667       0.606665833333333      -0.505356048130222     
   1.21133166666667       0.908998750000000      -0.536931790897404     
   1.21133166666667        1.21133166666667      -0.549364874358837     
   1.21133166666667        1.51366458333333      -0.546895203384291     
   1.21133166666667        1.81599750000000      -0.532263734811090     
   1.21133166666667        2.11833041666667      -0.510641320213971     
   1.21133166666667        2.42066333333333      -0.486416007973226     
   1.21133166666667        2.72299625000000      -0.455613141471070     
   1.21133166666667        3.02532916666667      -0.418464963944867     
   1.21133166666667        3.32766208333333      -0.377871427819142     
   1.21133166666667        3.62999500000000      -0.337060023894975     
   1.21133166666667        3.93232791666667      -0.299049800867420     
   1.21133166666667        4.23466083333333      -0.265418499643228     
   1.21133166666667        4.53699375000000      -0.236696366092411     
   1.21133166666667        4.83932666666667      -0.212340812026363     
   1.21133166666667        5.14165958333333      -0.191695688194814     
   1.21133166666667        5.44399250000000      -0.174503313968164     
   1.21133166666667        5.74632541666667      -0.161007650841917     
   1.21133166666667        6.04865833333333      -0.150530294142948     
   1.21133166666667        6.35099125000000      -0.141640401057922     
   1.21133166666667        6.65332416666666      -0.132485065556480     
   1.21133166666667        6.95565708333333      -0.122162812056903     
   1.21133166666667        7.25799000000000      -0.112373718393184     
   1.51366458333333       2.000000000000000E-003 -0.387649730929404     
   1.51366458333333       0.304332916666667      -0.437848626761314     
   1.51366458333333       0.606665833333333      -0.487017452395105     
   1.51366458333333       0.908998750000000      -0.524986550342332     
   1.51366458333333        1.21133166666667      -0.546906725656928     
   1.51366458333333        1.51366458333333      -0.551714068589426     
   1.51366458333333        1.81599750000000      -0.542230871347718     
   1.51366458333333        2.11833041666667      -0.526355718595455     
   1.51366458333333        2.42066333333333      -0.502108255284055     
   1.51366458333333        2.72299625000000      -0.468347423855250     
   1.51366458333333        3.02532916666667      -0.427345477871073     
   1.51366458333333        3.32766208333333      -0.383282367897926     
   1.51366458333333        3.62999500000000      -0.340328719992621     
   1.51366458333333        3.93232791666667      -0.301387605247398     
   1.51366458333333        4.23466083333333      -0.267711769596270     
   1.51366458333333        4.53699375000000      -0.239167834757897     
   1.51366458333333        4.83932666666667      -0.214948936696415     
   1.51366458333333        5.14165958333333      -0.194281884174424     
   1.51366458333333        5.44399250000000      -0.176743891262888     
   1.51366458333333        5.74632541666667      -0.162174709999836     
   1.51366458333333        6.04865833333333      -0.150168130423113     
   1.51366458333333        6.35099125000000      -0.139658602751333     
   1.51366458333333        6.65332416666666      -0.129567878521101     
   1.51366458333333        6.95565708333333      -0.119529228548764     
   1.51366458333333        7.25799000000000      -0.110252422618450     
   1.81599750000000       2.000000000000000E-003 -0.371353572971941     
   1.81599750000000       0.304332916666667      -0.418715629073432     
   1.81599750000000       0.606665833333333      -0.466228756955493     
   1.81599750000000       0.908998750000000      -0.506367297706885     
   1.81599750000000        1.21133166666667      -0.532280643022367     
   1.81599750000000        1.51366458333333      -0.542237324832179     
   1.81599750000000        1.81599750000000      -0.540810070395047     
   1.81599750000000        2.11833041666667      -0.527762745536057     
   1.81599750000000        2.42066333333333      -0.502525899813336     
   1.81599750000000        2.72299625000000      -0.466821041185379     
   1.81599750000000        3.02532916666667      -0.424518931062004     
   1.81599750000000        3.32766208333333      -0.380290341181679     
   1.81599750000000        3.62999500000000      -0.338098261385570     
   1.81599750000000        3.93232791666667      -0.300314341144468     
   1.81599750000000        4.23466083333333      -0.267670565577588     
   1.81599750000000        4.53699375000000      -0.239794027029748     
   1.81599750000000        4.83932666666667      -0.215905996694267     
   1.81599750000000        5.14165958333333      -0.195321192824118     
   1.81599750000000        5.44399250000000      -0.177595497127565     
   1.81599750000000        5.74632541666667      -0.162403578156387     
   1.81599750000000        6.04865833333333      -0.149330171196811     
   1.81599750000000        6.35099125000000      -0.137759476568906     
   1.81599750000000        6.65332416666666      -0.127071661783510     
   1.81599750000000        6.95565708333333      -0.117068422899040     
   1.81599750000000        7.25799000000000      -0.107980688987293     
   2.11833041666667       2.000000000000000E-003 -0.355725609066427     
   2.11833041666667       0.304332916666667      -0.399398009339474     
   2.11833041666667       0.606665833333333      -0.443827942962289     
   2.11833041666667       0.908998750000000      -0.482340696037834     
   2.11833041666667        1.21133166666667      -0.510661426548690     
   2.11833041666667        1.51366458333333      -0.526365470619984     
   2.11833041666667        1.81599750000000      -0.527765845862932     
   2.11833041666667        2.11833041666667      -0.514372286441203     
   2.11833041666667        2.42066333333333      -0.487715454771630     
   2.11833041666667        2.72299625000000      -0.451408998323834     
   2.11833041666667        3.02532916666667      -0.410191800011209     
   2.11833041666667        3.32766208333333      -0.368533437212538     
   2.11833041666667        3.62999500000000      -0.329567699140201     
   2.11833041666667        3.93232791666667      -0.294779795697761     
   2.11833041666667        4.23466083333333      -0.264370772979754     
   2.11833041666667        4.53699375000000      -0.237902909399257     
   2.11833041666667        4.83932666666667      -0.214825470401353     
   2.11833041666667        5.14165958333333      -0.194695706334254     
   2.11833041666667        5.44399250000000      -0.177153751575451     
   2.11833041666667        5.74632541666667      -0.161824949915141     
   2.11833041666667        6.04865833333333      -0.148282618770787     
   2.11833041666667        6.35099125000000      -0.136103644538554     
   2.11833041666667        6.65332416666666      -0.124993925890945     
   2.11833041666667        6.95565708333333      -0.114918507080813     
   2.11833041666667        7.25799000000000      -0.105918274649872     
   2.42066333333333       2.000000000000000E-003 -0.342484227650068     
   2.42066333333333       0.304332916666667      -0.381554019172009     
   2.42066333333333       0.606665833333333      -0.421527069588108     
   2.42066333333333       0.908998750000000      -0.458114165204488     
   2.42066333333333        1.21133166666667      -0.486439073599807     
   2.42066333333333        1.51366458333333      -0.502118579991597     
   2.42066333333333        1.81599750000000      -0.502528805338979     
   2.42066333333333        2.11833041666667      -0.487715190457843     
   2.42066333333333        2.42066333333333      -0.460472322872316     
   2.42066333333333        2.72299625000000      -0.425410115126322     
   2.42066333333333        3.02532916666667      -0.387416252931115     
   2.42066333333333        3.32766208333333      -0.350277229673626     
   2.42066333333333        3.62999500000000      -0.316058736800602     
   2.42066333333333        3.93232791666667      -0.285336435001072     
   2.42066333333333        4.23466083333333      -0.257896910067182     
   2.42066333333333        4.53699375000000      -0.233385840372145     
   2.42066333333333        4.83932666666667      -0.211585919547218     
   2.42066333333333        5.14165958333333      -0.192348162779220     
   2.42066333333333        5.44399250000000      -0.175421856940766     
   2.42066333333333        5.74632541666667      -0.160408115774544     
   2.42066333333333        6.04865833333333      -0.146879115620174     
   2.42066333333333        6.35099125000000      -0.134541543569511     
   2.42066333333333        6.65332416666666      -0.123307418984331     
   2.42066333333333        6.95565708333333      -0.113254045421410     
   2.42066333333333        7.25799000000000      -0.104476795107612     
   2.72299625000000       2.000000000000000E-003 -0.331014809829127     
   2.72299625000000       0.304332916666667      -0.363620909000073     
   2.72299625000000       0.606665833333333      -0.399185016246309     
   2.72299625000000       0.908998750000000      -0.431496573294553     
   2.72299625000000        1.21133166666667      -0.455635151873496     
   2.72299625000000        1.51366458333333      -0.468353649491763     
   2.72299625000000        1.81599750000000      -0.466819654898348     
   2.72299625000000        2.11833041666667      -0.451405033601715     
   2.72299625000000        2.42066333333333      -0.425406946913361     
   2.72299625000000        2.72299625000000      -0.393597091125693     
   2.72299625000000        3.02532916666667      -0.360427609522999     
   2.72299625000000        3.32766208333333      -0.328784386856726     
   2.72299625000000        3.62999500000000      -0.299757553210534     
   2.72299625000000        3.93232791666667      -0.273262240621930     
   2.72299625000000        4.23466083333333      -0.248912109407717     
   2.72299625000000        4.53699375000000      -0.226567973294798     
   2.72299625000000        4.83932666666667      -0.206357096016507     
   2.72299625000000        5.14165958333333      -0.188372183643151     
   2.72299625000000        5.44399250000000      -0.172425396036019     
   2.72299625000000        5.74632541666667      -0.158084994045068     
   2.72299625000000        6.04865833333333      -0.144932176698454     
   2.72299625000000        6.35099125000000      -0.132785051228738     
   2.72299625000000        6.65332416666666      -0.121752475342266     
   2.72299625000000        6.95565708333333      -0.112193244793158     
   2.72299625000000        7.25799000000000      -0.103998900534927     
   3.02532916666667       2.000000000000000E-003 -0.320859453209101     
   3.02532916666667       0.304332916666667      -0.342409016279263     
   3.02532916666667       0.606665833333333      -0.371196062446576     
   3.02532916666667       0.908998750000000      -0.399504391084829     
   3.02532916666667        1.21133166666667      -0.418475982253236     
   3.02532916666667        1.51366458333333      -0.427340719510292     
   3.02532916666667        1.81599750000000      -0.424508541072145     
   3.02532916666667        2.11833041666667      -0.410180833351778     
   3.02532916666667        2.42066333333333      -0.387407587192314     
   3.02532916666667        2.72299625000000      -0.360422897279951     
   3.02532916666667        3.02532916666667      -0.332865898443125     
   3.02532916666667        3.32766208333333      -0.306746225883125     
   3.02532916666667        3.62999500000000      -0.282488688408989     
   3.02532916666667        3.93232791666667      -0.259729011737784     
   3.02532916666667        4.23466083333333      -0.238172417727929     
   3.02532916666667        4.53699375000000      -0.217966210481393     
   3.02532916666667        4.83932666666667      -0.199504029049490     
   3.02532916666667        5.14165958333333      -0.182998646349345     
   3.02532916666667        5.44399250000000      -0.168250023130675     
   3.02532916666667        5.74632541666667      -0.154790895633129     
   3.02532916666667        6.04865833333333      -0.142253585901905     
   3.02532916666667        6.35099125000000      -0.130586506677836     
   3.02532916666667        6.65332416666666      -0.120064084309923     
   3.02532916666667        6.95565708333333      -0.111321342934629     
   3.02532916666667        7.25799000000000      -0.104045475055395     
   3.32766208333333       2.000000000000000E-003 -0.311981178154237     
   3.32766208333333       0.304332916666667      -0.321319239080230     
   3.32766208333333       0.606665833333333      -0.340791999429566     
   3.32766208333333       0.908998750000000      -0.363152049435005     
   3.32766208333333        1.21133166666667      -0.377857010565578     
   3.32766208333333        1.51366458333333      -0.383259784460870     
   3.32766208333333        1.81599750000000      -0.380267115048920     
   3.32766208333333        2.11833041666667      -0.368513176786065     
   3.32766208333333        2.42066333333333      -0.350261761723340     
   3.32766208333333        2.72299625000000      -0.328774402970518     
   3.32766208333333        3.02532916666667      -0.306741614982539     
   3.32766208333333        3.32766208333333      -0.285486073600932     
   3.32766208333333        3.62999500000000      -0.265140009272315     
   3.32766208333333        3.93232791666667      -0.245408995204843     
   3.32766208333333        4.23466083333333      -0.226264255761804     
   3.32766208333333        4.53699375000000      -0.208112541464131     
   3.32766208333333        4.83932666666667      -0.191469948301021     
   3.32766208333333        5.14165958333333      -0.176530099222709     
   3.32766208333333        5.44399250000000      -0.163024433176039     
   3.32766208333333        5.74632541666667      -0.150476095840801     
   3.32766208333333        6.04865833333333      -0.138622079822902     
   3.32766208333333        6.35099125000000      -0.127470756818140     
   3.32766208333333        6.65332416666666      -0.117428652103065     
   3.32766208333333        6.95565708333333      -0.109473227547815     
   3.32766208333333        7.25799000000000      -0.103147508243013     
   3.62999500000000       2.000000000000000E-003 -0.295522289480555     
   3.62999500000000       0.304332916666667      -0.306741425710427     
   3.62999500000000       0.606665833333333      -0.314534379098217     
   3.62999500000000       0.908998750000000      -0.327382670418199     
   3.62999500000000        1.21133166666667      -0.337012676533165     
   3.62999500000000        1.51366458333333      -0.340286043533019     
   3.62999500000000        1.81599750000000      -0.338061367797996     
   3.62999500000000        2.11833041666667      -0.329537980517103     
   3.62999500000000        2.42066333333333      -0.316036767804140     
   3.62999500000000        2.72299625000000      -0.299742978051740     
   3.62999500000000        3.02532916666667      -0.282480489399179     
   3.62999500000000        3.32766208333333      -0.265136762223663     
   3.62999500000000        3.62999500000000      -0.247849001991104     
   3.62999500000000        3.93232791666667      -0.230591951411939     
   3.62999500000000        4.23466083333333      -0.213627927989046     
   3.62999500000000        4.53699375000000      -0.197503704270366     
   3.62999500000000        4.83932666666667      -0.182695856931581     
   3.62999500000000        5.14165958333333      -0.169275808795605     
   3.62999500000000        5.44399250000000      -0.156902090720754     
   3.62999500000000        5.74632541666667      -0.145145681852418     
   3.62999500000000        6.04865833333333      -0.133875446724229     
   3.62999500000000        6.35099125000000      -0.123248905161475     
   3.62999500000000        6.65332416666666      -0.113799875165861     
   3.62999500000000        6.95565708333333      -0.106567740307605     
   3.62999500000000        7.25799000000000      -0.101007978152538     
   3.93232791666667       2.000000000000000E-003 -0.274742395458963     
   3.93232791666667       0.304332916666667      -0.288288593517107     
   3.93232791666667       0.606665833333333      -0.289923037778758     
   3.93232791666667       0.908998750000000      -0.294122720196134     
   3.93232791666667        1.21133166666667      -0.298980078021258     
   3.93232791666667        1.51366458333333      -0.301329966324667     
   3.93232791666667        1.81599750000000      -0.300267060709554     
   3.93232791666667        2.11833041666667      -0.294743136255580     
   3.93232791666667        2.42066333333333      -0.285310109915995     
   3.93232791666667        2.72299625000000      -0.273245023578522     
   3.93232791666667        3.02532916666667      -0.259719085233206     
   3.93232791666667        3.32766208333333      -0.245404351789405     
   3.93232791666667        3.62999500000000      -0.230590594337714     
   3.93232791666667        3.93232791666667      -0.215540074238929     
   3.93232791666667        4.23466083333333      -0.200701862820692     
   3.93232791666667        4.53699375000000      -0.186605145473602     
   3.93232791666667        4.83932666666667      -0.173565637747869     
   3.93232791666667        5.14165958333333      -0.161502470436797     
   3.93232791666667        5.44399250000000      -0.150054337179956     
   3.93232791666667        5.74632541666667      -0.138917640499301     
   3.93232791666667        6.04865833333333      -0.128132193837721     
   3.93232791666667        6.35099125000000      -0.118105485689770     
   3.93232791666667        6.65332416666666      -0.109545928148642     
   3.93232791666667        6.95565708333333      -0.103090498214467     
   3.93232791666667        7.25799000000000      -9.718856062384164E-002
   4.23466083333333       2.000000000000000E-003 -0.247167630448743     
   4.23466083333333       0.304332916666667      -0.258861604593182     
   4.23466083333333       0.606665833333333      -0.260899157875085     
   4.23466083333333       0.908998750000000      -0.262485050187728     
   4.23466083333333        1.21133166666667      -0.265344877960661     
   4.23466083333333        1.51366458333333      -0.267648837209298     
   4.23466083333333        1.81599750000000      -0.267619274616645     
   4.23466083333333        2.11833041666667      -0.264331843458160     
   4.23466083333333        2.42066333333333      -0.257869797806190     
   4.23466083333333        2.72299625000000      -0.248895062808104     
   4.23466083333333        3.02532916666667      -0.238163080699078     
   4.23466083333333        3.32766208333333      -0.226260240836910     
   4.23466083333333        3.62999500000000      -0.213627083507180     
   4.23466083333333        3.93232791666667      -0.200702285100031     
   4.23466083333333        4.23466083333333      -0.187966139231426     
   4.23466083333333        4.53699375000000      -0.175808332064051     
   4.23466083333333        4.83932666666667      -0.164346901067326     
   4.23466083333333        5.14165958333333      -0.153396138958308     
   4.23466083333333        5.44399250000000      -0.142659927955826     
   4.23466083333333        5.74632541666667      -0.132024038238569     
   4.23466083333333        6.04865833333333      -0.121717611598695     
   4.23466083333333        6.35099125000000      -0.112258066021327     
   4.23466083333333        6.65332416666666      -0.104365145742628     
   4.23466083333333        6.95565708333333      -9.819763878983707E-002
   4.23466083333333        7.25799000000000      -9.233958450693941E-002
   4.53699375000000       2.000000000000000E-003 -0.214692553347645     
   4.53699375000000       0.304332916666667      -0.225775846463332     
   4.53699375000000       0.606665833333333      -0.230385395849854     
   4.53699375000000       0.908998750000000      -0.233401492158138     
   4.53699375000000        1.21133166666667      -0.236630200814189     
   4.53699375000000        1.51366458333333      -0.239108861418482     
   4.53699375000000        1.81599750000000      -0.239745937001342     
   4.53699375000000        2.11833041666667      -0.237867178800371     
   4.53699375000000        2.42066333333333      -0.233361959185253     
   4.53699375000000        2.72299625000000      -0.226554003986044     
   4.53699375000000        3.02532916666667      -0.217959618537905     
   4.53699375000000        3.32766208333333      -0.208110876523427     
   4.53699375000000        3.62999500000000      -0.197504886289704     
   4.53699375000000        3.93232791666667      -0.186607422224326     
   4.53699375000000        4.23466083333333      -0.175810150892404     
   4.53699375000000        4.53699375000000      -0.165329278734975     
   4.53699375000000        4.83932666666667      -0.155139391460096     
   4.53699375000000        5.14165958333333      -0.145045761189656     
   4.53699375000000        5.44399250000000      -0.134890639611522     
   4.53699375000000        5.74632541666667      -0.124758275631955     
   4.53699375000000        6.04865833333333      -0.115015310793579     
   4.53699375000000        6.35099125000000      -0.106140320785112     
   4.53699375000000        6.65332416666666      -9.856492613548853E-002
   4.53699375000000        6.95565708333333      -9.227361685570544E-002
   4.53699375000000        7.25799000000000      -8.628488674102085E-002
   4.83932666666667       2.000000000000000E-003 -0.186257104787476     
   4.83932666666667       0.304332916666667      -0.196731899820850     
   4.83932666666667       0.606665833333333      -0.203554587219349     
   4.83932666666667       0.908998750000000      -0.208469630014937     
   4.83932666666667        1.21133166666667      -0.212286748523436     
   4.83932666666667        1.51366458333333      -0.214900668622654     
   4.83932666666667        1.81599750000000      -0.215867304839709     
   4.83932666666667        2.11833041666667      -0.214797768946626     
   4.83932666666667        2.42066333333333      -0.211568648304501     
   4.83932666666667        2.72299625000000      -0.206348391614865     
   4.83932666666667        3.02532916666667      -0.199501569548791     
   4.83932666666667        3.32766208333333      -0.191471596646262     
   4.83932666666667        3.62999500000000      -0.182699883573174     
   4.83932666666667        3.93232791666667      -0.173570602463668     
   4.83932666666667        4.23466083333333      -0.164351455759664     
   4.83932666666667        4.53699375000000      -0.155142229251314     
   4.83932666666667        4.83932666666667      -0.145885094101961     
   4.83932666666667        5.14165958333333      -0.136472317595729     
   4.83932666666667        5.44399250000000      -0.126909075624415     
   4.83932666666667        5.74632541666667      -0.117419576788062     
   4.83932666666667        6.04865833333333      -0.108400835242959     
   4.83932666666667        6.35099125000000      -0.100234008446813     
   4.83932666666667        6.65332416666666      -9.307262930662867E-002
   4.83932666666667        6.95565708333333      -8.673144389975045E-002
   4.83932666666667        7.25799000000000      -8.072104054901219E-002
   5.14165958333333       2.000000000000000E-003 -0.164347518037925     
   5.14165958333333       0.304332916666667      -0.174068233381692     
   5.14165958333333       0.606665833333333      -0.181708489067091     
   5.14165958333333       0.908998750000000      -0.187530229337422     
   5.14165958333333        1.21133166666667      -0.191656264904244     
   5.14165958333333        1.51366458333333      -0.194248941803209     
   5.14165958333333        1.81599750000000      -0.195296314844096     
   5.14165958333333        2.11833041666667      -0.194679311750280     
   5.14165958333333        2.42066333333333      -0.192339497224076     
   5.14165958333333        2.72299625000000      -0.188369694891003     
   5.14165958333333        3.02532916666667      -0.183000598565714     
   5.14165958333333        3.32766208333333      -0.176535032308124     
   5.14165958333333        3.62999500000000      -0.169282617662907     
   5.14165958333333        3.93232791666667      -0.161510187623386     
   5.14165958333333        4.23466083333333      -0.153403690352932     
   5.14165958333333        4.53699375000000      -0.145051917122459     
   5.14165958333333        4.83932666666667      -0.136475865424691     
   5.14165958333333        5.14165958333333      -0.127708418580511     
   5.14165958333333        5.44399250000000      -0.118882892898118     
   5.14165958333333        5.74632541666667      -0.110260008110973     
   5.14165958333333        6.04865833333333      -0.102151225836274     
   5.14165958333333        6.35099125000000      -9.477412818198699E-002
   5.14165958333333        6.65332416666666      -8.814551016891277E-002
   5.14165958333333        6.95565708333333      -8.209962286098428E-002
   5.14165958333333        7.25799000000000      -7.628364742573360E-002
   5.44399250000000       2.000000000000000E-003 -0.149357384213736     
   5.44399250000000       0.304332916666667      -0.157931300419394     
   5.44399250000000       0.606665833333333      -0.165218793308994     
   5.44399250000000       0.908998750000000      -0.170718951241370     
   5.44399250000000        1.21133166666667      -0.174481903588659     
   5.44399250000000        1.51366458333333      -0.176730025078841     
   5.44399250000000        1.81599750000000      -0.177587211262731     
   5.44399250000000        2.11833041666667      -0.177150171454572     
   5.44399250000000        2.42066333333333      -0.175422213495626     
   5.44399250000000        2.72299625000000      -0.172428759404004     
   5.44399250000000        3.02532916666667      -0.168255563831407     
   5.44399250000000        3.32766208333333      -0.163031659161102     
   5.44399250000000        3.62999500000000      -0.156910756453215     
   5.44399250000000        3.93232791666667      -0.150064094502195     
   5.44399250000000        4.23466083333333      -0.142670035030831     
   5.44399250000000        4.53699375000000      -0.134899960923510     
   5.44399250000000        4.83932666666667      -0.126916329965920     
   5.44399250000000        5.14165958333333      -0.118886942977272     
   5.44399250000000        5.44399250000000      -0.110999021451964     
   5.44399250000000        5.74632541666667      -0.103445069451165     
   5.44399250000000        6.04865833333333      -9.637280899200998E-002
   5.44399250000000        6.35099125000000      -8.987214488145205E-002
   5.44399250000000        6.65332416666666      -8.391618285254740E-002
   5.44399250000000        6.95565708333333      -7.830610332936555E-002
   5.44399250000000        7.25799000000000      -7.282080675348139E-002
   5.74632541666667       2.000000000000000E-003 -0.139945382528927     
   5.74632541666667       0.304332916666667      -0.147305343833900     
   5.74632541666667       0.606665833333333      -0.153798887800934     
   5.74632541666667       0.908998750000000      -0.158398365982032     
   5.74632541666667        1.21133166666667      -0.161012128763627     
   5.74632541666667        1.51366458333333      -0.162184347262882     
   5.74632541666667        1.81599750000000      -0.162413570060147     
   5.74632541666667        2.11833041666667      -0.161834154499747     
   5.74632541666667        2.42066333333333      -0.160416559032664     
   5.74632541666667        2.72299625000000      -0.158092772630658     
   5.74632541666667        3.02532916666667      -0.154798278750333     
   5.74632541666667        3.32766208333333      -0.150483749499071     
   5.74632541666667        3.62999500000000      -0.145154478787487     
   5.74632541666667        3.93232791666667      -0.138928046898182     
   5.74632541666667        4.23466083333333      -0.132035675887557     
   5.74632541666667        4.53699375000000      -0.124770067083851     
   5.74632541666667        4.83932666666667      -0.117430187570427     
   5.74632541666667        5.14165958333333      -0.110268188412398     
   5.74632541666667        5.44399250000000      -0.103449730728267     
   5.74632541666667        5.74632541666667      -9.704383798880996E-002
   5.74632541666667        6.04865833333333      -9.107255796984901E-002
   5.74632541666667        6.35099125000000      -8.552520585918599E-002
   5.74632541666667        6.65332416666666      -8.027996345782204E-002
   5.74632541666667        6.95565708333333      -7.515147522927390E-002
   5.74632541666667        7.25799000000000      -7.000585677897934E-002
   6.04865833333333       2.000000000000000E-003 -0.134949848712616     
   6.04865833333333       0.304332916666667      -0.141126953241216     
   6.04865833333333       0.606665833333333      -0.146675367158231     
   6.04865833333333       0.908998750000000      -0.149743449235730     
   6.04865833333333        1.21133166666667      -0.150570856182517     
   6.04865833333333        1.51366458333333      -0.150205145091930     
   6.04865833333333        1.81599750000000      -0.149358861642574     
   6.04865833333333        2.11833041666667      -0.148303213748484     
   6.04865833333333        2.42066333333333      -0.146893719868401     
   6.04865833333333        2.72299625000000      -0.144942159268329     
   6.04865833333333        3.02532916666667      -0.142260122482061     
   6.04865833333333        3.32766208333333      -0.138627058958530     
   6.04865833333333        3.62999500000000      -0.133881545011434     
   6.04865833333333        3.93232791666667      -0.128141181777818     
   6.04865833333333        4.23466083333333      -0.121729403572100     
   6.04865833333333        4.53699375000000      -0.115028596933952     
   6.04865833333333        4.83932666666667      -0.108414149533556     
   6.04865833333333        5.14165958333333      -0.102163335483728     
   6.04865833333333        5.44399250000000      -9.638259583638249E-002
   6.04865833333333        5.74632541666667      -9.107824057115280E-002
   6.04865833333333        6.04865833333333      -8.618639124323672E-002
   6.04865833333333        6.35099125000000      -8.158757373473709E-002
   6.04865833333333        6.65332416666666      -7.707387984973604E-002
   6.04865833333333        6.95565708333333      -7.242110852011316E-002
   6.04865833333333        7.25799000000000      -6.758138993468669E-002
   6.35099125000000       2.000000000000000E-003 -0.132733297617319     
   6.35099125000000       0.304332916666667      -0.138120294588926     
   6.35099125000000       0.606665833333333      -0.142532107206336     
   6.35099125000000       0.908998750000000      -0.143189773947933     
   6.35099125000000        1.21133166666667      -0.141721721200500     
   6.35099125000000        1.51366458333333      -0.139721164226717     
   6.35099125000000        1.81599750000000      -0.137803427634435     
   6.35099125000000        2.11833041666667      -0.136132652662099     
   6.35099125000000        2.42066333333333      -0.134559761595051     
   6.35099125000000        2.72299625000000      -0.132794504688852     
   6.35099125000000        3.02532916666667      -0.130588755014469     
   6.35099125000000        3.32766208333333      -0.127469719265471     
   6.35099125000000        3.62999500000000      -0.123249721108070     
   6.35099125000000        3.93232791666667      -0.118111267294103     
   6.35099125000000        4.23466083333333      -0.112268753452473     
   6.35099125000000        4.53699375000000      -0.106154209992129     
   6.35099125000000        4.83932666666667      -0.100249330483515     
   6.35099125000000        5.14165958333333      -9.478979655569804E-002
   6.35099125000000        5.44399250000000      -8.988694754697267E-002
   6.35099125000000        5.74632541666667      -8.553707999146377E-002
   6.35099125000000        6.04865833333333      -8.159451904294375E-002
   6.35099125000000        6.35099125000000      -7.788977702009471E-002
   6.35099125000000        6.65332416666666      -7.412023367499743E-002
   6.35099125000000        6.95565708333333      -6.991697243428170E-002
   6.35099125000000        7.25799000000000      -6.529159664041144E-002
   6.65332416666666       2.000000000000000E-003 -0.130354502346042     
   6.65332416666666       0.304332916666667      -0.135877318028164     
   6.65332416666666       0.606665833333333      -0.138274283059031     
   6.65332416666666       0.908998750000000      -0.135899210894834     
   6.65332416666666        1.21133166666667      -0.132593983297185     
   6.65332416666666        1.51366458333333      -0.129644286543468     
   6.65332416666666        1.81599750000000      -0.127122753575221     
   6.65332416666666        2.11833041666667      -0.125026758769846     
   6.65332416666666        2.42066333333333      -0.123326771324608     
   6.65332416666666        2.72299625000000      -0.121759984536846     
   6.65332416666666        3.02532916666667      -0.120062198418005     
   6.65332416666666        3.32766208333333      -0.117422825498097     
   6.65332416666666        3.62999500000000      -0.113797866794498     
   6.65332416666666        3.93232791666667      -0.109550467134029     
   6.65332416666666        4.23466083333333      -0.104375134556823     
   6.65332416666666        4.53699375000000      -9.857897299466753E-002
   6.65332416666666        4.83932666666667      -9.308940354740788E-002
   6.65332416666666        5.14165958333333      -8.816417017478559E-002
   6.65332416666666        5.44399250000000      -8.393561616041820E-002
   6.65332416666666        5.74632541666667      -8.029850681907232E-002
   6.65332416666666        6.04865833333333      -7.708934357309674E-002
   6.65332416666666        6.35099125000000      -7.412968504616084E-002
   6.65332416666666        6.65332416666666      -7.107512297064161E-002
   6.65332416666666        6.95565708333333      -6.733841551994964E-002
   6.65332416666666        7.25799000000000      -6.283026815750627E-002
   6.95565708333333       2.000000000000000E-003 -0.122324046173200     
   6.95565708333333       0.304332916666667      -0.129339216173766     
   6.95565708333333       0.606665833333333      -0.128641270634100     
   6.95565708333333       0.908998750000000      -0.125216049082658     
   6.95565708333333        1.21133166666667      -0.122266831124138     
   6.95565708333333        1.51366458333333      -0.119601608129855     
   6.95565708333333        1.81599750000000      -0.117117408013515     
   6.95565708333333        2.11833041666667      -0.114950705463227     
   6.95565708333333        2.42066333333333      -0.113273437060774     
   6.95565708333333        2.72299625000000      -0.112201504122998     
   6.95565708333333        3.02532916666667      -0.111321367092555     
   6.95565708333333        3.32766208333333      -0.109472034633375     
   6.95565708333333        3.62999500000000      -0.106574505965576     
   6.95565708333333        3.93232791666667      -0.103100438564371     
   6.95565708333333        4.23466083333333      -9.820906991923296E-002
   6.95565708333333        4.53699375000000      -9.228811769616287E-002
   6.95565708333333        4.83932666666667      -8.674930449987152E-002
   6.95565708333333        5.14165958333333      -8.212058941210755E-002
   6.95565708333333        5.44399250000000      -7.832977992736802E-002
   6.95565708333333        5.74632541666667      -7.517712723965100E-002
   6.95565708333333        6.04865833333333      -7.244707146244524E-002
   6.95565708333333        6.35099125000000      -6.994003926157584E-002
   6.95565708333333        6.65332416666666      -6.735364534022187E-002
   6.95565708333333        6.95565708333333      -6.396198218249448E-002
   6.95565708333333        7.25799000000000      -5.945097255313826E-002
   7.25799000000000       2.000000000000000E-003 -0.111170523791705     
   7.25799000000000       0.304332916666667      -0.116395868725765     
   7.25799000000000       0.606665833333333      -0.115893473501258     
   7.25799000000000       0.908998750000000      -0.114230433316958     
   7.25799000000000        1.21133166666667      -0.112452652441164     
   7.25799000000000        1.51366458333333      -0.110311512999116     
   7.25799000000000        1.81599750000000      -0.108023129797118     
   7.25799000000000        2.11833041666667      -0.105948115422423     
   7.25799000000000        2.42066333333333      -0.104497261137546     
   7.25799000000000        2.72299625000000      -0.104012388811581     
   7.25799000000000        3.02532916666667      -0.104056205251201     
   7.25799000000000        3.32766208333333      -0.103161449395293     
   7.25799000000000        3.62999500000000      -0.101025371431749     
   7.25799000000000        3.93232791666667      -9.720480153665378E-002
   7.25799000000000        4.23466083333333      -9.235395477981234E-002
   7.25799000000000        4.53699375000000      -8.630061537467365E-002
   7.25799000000000        4.83932666666667      -8.073991095876473E-002
   7.25799000000000        5.14165958333333      -7.630637107018455E-002
   7.25799000000000        5.44399250000000      -7.284789083434433E-002
   7.25799000000000        5.74632541666667      -7.003755807604953E-002
   7.25799000000000        6.04865833333333      -6.761694888353342E-002
   7.25799000000000        6.35099125000000      -6.532854293319797E-002
   7.25799000000000        6.65332416666666      -6.286400023764792E-002
   7.25799000000000        6.95565708333333      -5.947167599897202E-002
   7.25799000000000        7.25799000000000      -5.489430261771928E-002
