  2.000000000000000E-003  2.000000000000000E-003 -0.190583463284104     
  2.000000000000000E-003  0.304332916666667      -0.201699809375747     
  2.000000000000000E-003  0.606665833333333      -0.202437241927817     
  2.000000000000000E-003  0.908998750000000      -0.199282113795221     
  2.000000000000000E-003   1.21133166666667      -0.195357247564685     
  2.000000000000000E-003   1.51366458333333      -0.190798069544625     
  2.000000000000000E-003   1.81599750000000      -0.186130749199141     
  2.000000000000000E-003   2.11833041666667      -0.182072584054246     
  2.000000000000000E-003   2.42066333333333      -0.179380800273178     
  2.000000000000000E-003   2.72299625000000      -0.178202400170736     
  2.000000000000000E-003   3.02532916666667      -0.177612715089192     
  2.000000000000000E-003   3.32766208333333      -0.174829273687525     
  2.000000000000000E-003   3.62999500000000      -0.168992706964262     
  2.000000000000000E-003   3.93232791666667      -0.161210464220257     
  2.000000000000000E-003   4.23466083333333      -0.151191291318977     
  2.000000000000000E-003   4.53699375000000      -0.138784298637159     
  2.000000000000000E-003   4.83932666666667      -0.127385989340490     
  2.000000000000000E-003   5.14165958333333      -0.118331317892884     
  2.000000000000000E-003   5.44399250000000      -0.111616542751492     
  2.000000000000000E-003   5.74632541666667      -0.106592888982791     
  2.000000000000000E-003   6.04865833333333      -0.102736175529924     
  2.000000000000000E-003   6.35099125000000      -9.949679795095784E-002
  2.000000000000000E-003   6.65332416666666      -9.609958672459207E-002
  2.000000000000000E-003   6.95565708333333      -9.076868600534921E-002
  2.000000000000000E-003   7.25799000000000      -8.334899680216952E-002
  0.304332916666667       2.000000000000000E-003 -0.211358429955014     
  0.304332916666667       0.304332916666667      -0.226962573119094     
  0.304332916666667       0.606665833333333      -0.227740582324042     
  0.304332916666667       0.908998750000000      -0.221731415486717     
  0.304332916666667        1.21133166666667      -0.215909744820575     
  0.304332916666667        1.51366458333333      -0.210596666101684     
  0.304332916666667        1.81599750000000      -0.205615649547979     
  0.304332916666667        2.11833041666667      -0.201118650617366     
  0.304332916666667        2.42066333333333      -0.197395136430538     
  0.304332916666667        2.72299625000000      -0.194187936086899     
  0.304332916666667        3.02532916666667      -0.190258238718363     
  0.304332916666667        3.32766208333333      -0.183937357497070     
  0.304332916666667        3.62999500000000      -0.176838012521344     
  0.304332916666667        3.93232791666667      -0.169766568448193     
  0.304332916666667        4.23466083333333      -0.159773014806063     
  0.304332916666667        4.53699375000000      -0.147678220224534     
  0.304332916666667        4.83932666666667      -0.136358329944612     
  0.304332916666667        5.14165958333333      -0.126991683685799     
  0.304332916666667        5.44399250000000      -0.119612002218870     
  0.304332916666667        5.74632541666667      -0.113855036083676     
  0.304332916666667        6.04865833333333      -0.109307019303034     
  0.304332916666667        6.35099125000000      -0.105574673418320     
  0.304332916666667        6.65332416666666      -0.101985755444720     
  0.304332916666667        6.95565708333333      -9.671402217054011E-002
  0.304332916666667        7.25799000000000      -8.870826407073934E-002
  0.606665833333333       2.000000000000000E-003 -0.225580933196924     
  0.606665833333333       0.304332916666667      -0.239983634020134     
  0.606665833333333       0.606665833333333      -0.245330692340725     
  0.606665833333333       0.908998750000000      -0.241752348865252     
  0.606665833333333        1.21133166666667      -0.236432316901748     
  0.606665833333333        1.51366458333333      -0.231541101122172     
  0.606665833333333        1.81599750000000      -0.226936967057217     
  0.606665833333333        2.11833041666667      -0.222442785638024     
  0.606665833333333        2.42066333333333      -0.218054232533210     
  0.606665833333333        2.72299625000000      -0.213192358886888     
  0.606665833333333        3.02532916666667      -0.206714926011649     
  0.606665833333333        3.32766208333333      -0.197718537354799     
  0.606665833333333        3.62999500000000      -0.187817849192660     
  0.606665833333333        3.93232791666667      -0.178342030847882     
  0.606665833333333        4.23466083333333      -0.167741251965223     
  0.606665833333333        4.53699375000000      -0.156104244748019     
  0.606665833333333        4.83932666666667      -0.145206415720897     
  0.606665833333333        5.14165958333333      -0.135559663174591     
  0.606665833333333        5.44399250000000      -0.127506094007324     
  0.606665833333333        5.74632541666667      -0.120899349165363     
  0.606665833333333        6.04865833333333      -0.115436624774126     
  0.606665833333333        6.35099125000000      -0.110768505274286     
  0.606665833333333        6.65332416666666      -0.105988037489761     
  0.606665833333333        6.95565708333333      -9.938508132411515E-002
  0.606665833333333        7.25799000000000      -9.146918697704155E-002
  0.908998750000000       2.000000000000000E-003 -0.230799818912767     
  0.908998750000000       0.304332916666667      -0.244156476879323     
  0.908998750000000       0.606665833333333      -0.253197941754572     
  0.908998750000000       0.908998750000000      -0.255618581120808     
  0.908998750000000        1.21133166666667      -0.254686160192333     
  0.908998750000000        1.51366458333333      -0.252511535847084     
  0.908998750000000        1.81599750000000      -0.249503112902263     
  0.908998750000000        2.11833041666667      -0.245633992169860     
  0.908998750000000        2.42066333333333      -0.241053665250071     
  0.908998750000000        2.72299625000000      -0.235137557815814     
  0.908998750000000        3.02532916666667      -0.227139101244781     
  0.908998750000000        3.32766208333333      -0.216572087607801     
  0.908998750000000        3.62999500000000      -0.204267802489155     
  0.908998750000000        3.93232791666667      -0.191442011979985     
  0.908998750000000        4.23466083333333      -0.178488532154772     
  0.908998750000000        4.53699375000000      -0.165946198794290     
  0.908998750000000        4.83932666666667      -0.154494436013653     
  0.908998750000000        5.14165958333333      -0.144198541680178     
  0.908998750000000        5.44399250000000      -0.135176736877313     
  0.908998750000000        5.74632541666667      -0.127421643533283     
  0.908998750000000        6.04865833333333      -0.120609569643303     
  0.908998750000000        6.35099125000000      -0.114368850757097     
  0.908998750000000        6.65332416666666      -0.107953641344419     
  0.908998750000000        6.95565708333333      -0.100530345178847     
  0.908998750000000        7.25799000000000      -9.286526186434760E-002
   1.21133166666667       2.000000000000000E-003 -0.235781000016384     
   1.21133166666667       0.304332916666667      -0.249492330711290     
   1.21133166666667       0.606665833333333      -0.261088082600537     
   1.21133166666667       0.908998750000000      -0.268870697002093     
   1.21133166666667        1.21133166666667      -0.273210882381765     
   1.21133166666667        1.51366458333333      -0.274826002131377     
   1.21133166666667        1.81599750000000      -0.273952316372070     
   1.21133166666667        2.11833041666667      -0.270940984522685     
   1.21133166666667        2.42066333333333      -0.266067506318988     
   1.21133166666667        2.72299625000000      -0.258936640735090     
   1.21133166666667        3.02532916666667      -0.249228902704761     
   1.21133166666667        3.32766208333333      -0.236902528528757     
   1.21133166666667        3.62999500000000      -0.222398781672954     
   1.21133166666667        3.93232791666667      -0.206796239425698     
   1.21133166666667        4.23466083333333      -0.191343086934735     
   1.21133166666667        4.53699375000000      -0.177048215636538     
   1.21133166666667        4.83932666666667      -0.164275191853186     
   1.21133166666667        5.14165958333333      -0.152889243145728     
   1.21133166666667        5.44399250000000      -0.142641618955980     
   1.21133166666667        5.74632541666667      -0.133452937956879     
   1.21133166666667        6.04865833333333      -0.125052445779337     
   1.21133166666667        6.35099125000000      -0.117173727626312     
   1.21133166666667        6.65332416666666      -0.109446187969794     
   1.21133166666667        6.95565708333333      -0.101606428906850     
   1.21133166666667        7.25799000000000      -9.398683462967118E-002
   1.51366458333333       2.000000000000000E-003 -0.244802762985086     
   1.51366458333333       0.304332916666667      -0.260328156051940     
   1.51366458333333       0.606665833333333      -0.274887470622080     
   1.51366458333333       0.908998750000000      -0.287292799166447     
   1.51366458333333        1.21133166666667      -0.296472064647921     
   1.51366458333333        1.51366458333333      -0.301659249442031     
   1.51366458333333        1.81599750000000      -0.302537620118886     
   1.51366458333333        2.11833041666667      -0.299537736269909     
   1.51366458333333        2.42066333333333      -0.293195673670277     
   1.51366458333333        2.72299625000000      -0.283899199671034     
   1.51366458333333        3.02532916666667      -0.271851605166973     
   1.51366458333333        3.32766208333333      -0.257216899373596     
   1.51366458333333        3.62999500000000      -0.240465404405301     
   1.51366458333333        3.93232791666667      -0.222598575481023     
   1.51366458333333        4.23466083333333      -0.204956785732842     
   1.51366458333333        4.53699375000000      -0.188681645417048     
   1.51366458333333        4.83932666666667      -0.174261443919106     
   1.51366458333333        5.14165958333333      -0.161505579353896     
   1.51366458333333        5.44399250000000      -0.149927813989330     
   1.51366458333333        5.74632541666667      -0.139203465978112     
   1.51366458333333        6.04865833333333      -0.129218128219709     
   1.51366458333333        6.35099125000000      -0.119878693407426     
   1.51366458333333        6.65332416666666      -0.111120969524249     
   1.51366458333333        6.95565708333333      -0.102866072366341     
   1.51366458333333        7.25799000000000      -9.511234631342055E-002
   1.81599750000000       2.000000000000000E-003 -0.260178017383572     
   1.81599750000000       0.304332916666667      -0.278821245936721     
   1.81599750000000       0.606665833333333      -0.297494388764382     
   1.81599750000000       0.908998750000000      -0.314798323478210     
   1.81599750000000        1.21133166666667      -0.328612916206582     
   1.81599750000000        1.51366458333333      -0.336760819306347     
   1.81599750000000        1.81599750000000      -0.338061367797998     
   1.81599750000000        2.11833041666667      -0.333025618008608     
   1.81599750000000        2.42066333333333      -0.323073932134469     
   1.81599750000000        2.72299625000000      -0.309789776086095     
   1.81599750000000        3.02532916666667      -0.294239987944689     
   1.81599750000000        3.32766208333333      -0.276853189517022     
   1.81599750000000        3.62999500000000      -0.257888985076287     
   1.81599750000000        3.93232791666667      -0.237999780136738     
   1.81599750000000        4.23466083333333      -0.218338106708393     
   1.81599750000000        4.53699375000000      -0.200106962380430     
   1.81599750000000        4.83932666666667      -0.183958903930474     
   1.81599750000000        5.14165958333333      -0.169761458884370     
   1.81599750000000        5.44399250000000      -0.156902063930147     
   1.81599750000000        5.74632541666667      -0.144838825453172     
   1.81599750000000        6.04865833333333      -0.133426623742473     
   1.81599750000000        6.35099125000000      -0.122823714211735     
   1.81599750000000        6.65332416666666      -0.113178108671818     
   1.81599750000000        6.95565708333333      -0.104469950525695     
   1.81599750000000        7.25799000000000      -9.650938706040563E-002
   2.11833041666667       2.000000000000000E-003 -0.283508322111526     
   2.11833041666667       0.304332916666667      -0.306773153495615     
   2.11833041666667       0.606665833333333      -0.331077341454295     
   2.11833041666667       0.908998750000000      -0.354212470876307     
   2.11833041666667        1.21133166666667      -0.372335095867505     
   2.11833041666667        1.51366458333333      -0.382171212261672     
   2.11833041666667        1.81599750000000      -0.382035523261413     
   2.11833041666667        2.11833041666667      -0.372558286233016     
   2.11833041666667        2.42066333333333      -0.356379600311015     
   2.11833041666667        2.72299625000000      -0.336746983080082     
   2.11833041666667        3.02532916666667      -0.316003273667901     
   2.11833041666667        3.32766208333333      -0.294998661142560     
   2.11833041666667        3.62999500000000      -0.273644944558658     
   2.11833041666667        3.93232791666667      -0.251940418169695     
   2.11833041666667        4.23466083333333      -0.230555512752495     
   2.11833041666667        4.53699375000000      -0.210585587556248     
   2.11833041666667        4.83932666666667      -0.192828936754736     
   2.11833041666667        5.14165958333333      -0.177291625212390     
   2.11833041666667        5.44399250000000      -0.163330374361748     
   2.11833041666667        5.74632541666667      -0.150248274657482     
   2.11833041666667        6.04865833333333      -0.137797454973113     
   2.11833041666667        6.35099125000000      -0.126199747014767     
   2.11833041666667        6.65332416666666      -0.115780255934594     
   2.11833041666667        6.95565708333333      -0.106634739738347     
   2.11833041666667        7.25799000000000      -9.844961948681066E-002
   2.42066333333333       2.000000000000000E-003 -0.316492536219295     
   2.42066333333333       0.304332916666667      -0.345783262236274     
   2.42066333333333       0.606665833333333      -0.377455677789822     
   2.42066333333333       0.908998750000000      -0.405945208793491     
   2.42066333333333        1.21133166666667      -0.427012239771244     
   2.42066333333333        1.51366458333333      -0.437050006716614     
   2.42066333333333        1.81599750000000      -0.433643096197323     
   2.42066333333333        2.11833041666667      -0.417543117525546     
   2.42066333333333        2.42066333333333      -0.392775398986897     
   2.42066333333333        2.72299625000000      -0.364588434893372     
   2.42066333333333        3.02532916666667      -0.336949376766683     
   2.42066333333333        3.32766208333333      -0.311318575924316     
   2.42066333333333        3.62999500000000      -0.287222425708153     
   2.42066333333333        3.93232791666667      -0.263797541577174     
   2.42066333333333        4.23466083333333      -0.240978702509455     
   2.42066333333333        4.53699375000000      -0.219567424449062     
   2.42066333333333        4.83932666666667      -0.200440406476071     
   2.42066333333333        5.14165958333333      -0.183773269939682     
   2.42066333333333        5.44399250000000      -0.168958000345340     
   2.42066333333333        5.74632541666667      -0.155181548013902     
   2.42066333333333        6.04865833333333      -0.142075285229692     
   2.42066333333333        6.35099125000000      -0.129872589789888     
   2.42066333333333        6.65332416666666      -0.119005341870823     
   2.42066333333333        6.95565708333333      -0.109576505920134     
   2.42066333333333        7.25799000000000      -0.101267284141659     
   2.72299625000000       2.000000000000000E-003 -0.361571711988839     
   2.72299625000000       0.304332916666667      -0.397966060554062     
   2.72299625000000       0.606665833333333      -0.438326116900668     
   2.72299625000000       0.908998750000000      -0.470867670148678     
   2.72299625000000        1.21133166666667      -0.490091725252367     
   2.72299625000000        1.51366458333333      -0.497201019651999     
   2.72299625000000        1.81599750000000      -0.488632117623980     
   2.72299625000000        2.11833041666667      -0.464499182049584     
   2.72299625000000        2.42066333333333      -0.429860193540905     
   2.72299625000000        2.72299625000000      -0.391932106063394     
   2.72299625000000        3.02532916666667      -0.356420081745381     
   2.72299625000000        3.32766208333333      -0.325516214863414     
   2.72299625000000        3.62999500000000      -0.298405275729414     
   2.72299625000000        3.93232791666667      -0.273305199504067     
   2.72299625000000        4.23466083333333      -0.249290756379468     
   2.72299625000000        4.53699375000000      -0.226740147553265     
   2.72299625000000        4.83932666666667      -0.206527852347064     
   2.72299625000000        5.14165958333333      -0.188985856488928     
   2.72299625000000        5.44399250000000      -0.173573110523684     
   2.72299625000000        5.74632541666667      -0.159394284043505     
   2.72299625000000        6.04865833333333      -0.145965711751119     
   2.72299625000000        6.35099125000000      -0.133519493651188     
   2.72299625000000        6.65332416666666      -0.122592705093113     
   2.72299625000000        6.95565708333333      -0.113357031960103     
   2.72299625000000        7.25799000000000      -0.105255749938284     
   3.02532916666667       2.000000000000000E-003 -0.415763490787613     
   3.02532916666667       0.304332916666667      -0.460617871176532     
   3.02532916666667       0.606665833333333      -0.509213995829365     
   3.02532916666667       0.908998750000000      -0.545045718470445     
   3.02532916666667        1.21133166666667      -0.555606778504012     
   3.02532916666667        1.51366458333333      -0.554419742081679     
   3.02532916666667        1.81599750000000      -0.539160840551548     
   3.02532916666667        2.11833041666667      -0.506959994637744     
   3.02532916666667        2.42066333333333      -0.462946927767962     
   3.02532916666667        2.72299625000000      -0.415839450634117     
   3.02532916666667        3.02532916666667      -0.372864798677259     
   3.02532916666667        3.32766208333333      -0.336919426912230     
   3.02532916666667        3.62999500000000      -0.306935743783035     
   3.02532916666667        3.93232791666667      -0.280322613622641     
   3.02532916666667        4.23466083333333      -0.255349869458524     
   3.02532916666667        4.53699375000000      -0.231954500559188     
   3.02532916666667        4.83932666666667      -0.210953891701736     
   3.02532916666667        5.14165958333333      -0.192796627036326     
   3.02532916666667        5.44399250000000      -0.177010017816443     
   3.02532916666667        5.74632541666667      -0.162645126113573     
   3.02532916666667        6.04865833333333      -0.149130324241974     
   3.02532916666667        6.35099125000000      -0.136726704937408     
   3.02532916666667        6.65332416666666      -0.126036131334740     
   3.02532916666667        6.95565708333333      -0.117349282021051     
   3.02532916666667        7.25799000000000      -0.109806896835847     
   3.32766208333333       2.000000000000000E-003 -0.462664621544435     
   3.32766208333333       0.304332916666667      -0.518365429632626     
   3.32766208333333       0.606665833333333      -0.572472354839471     
   3.32766208333333       0.908998750000000      -0.606909773613612     
   3.32766208333333        1.21133166666667      -0.610357544538649     
   3.32766208333333        1.51366458333333      -0.597000684474533     
   3.32766208333333        1.81599750000000      -0.575344501538245     
   3.32766208333333        2.11833041666667      -0.536967918097869     
   3.32766208333333        2.42066333333333      -0.486158383292788     
   3.32766208333333        2.72299625000000      -0.432448423777452     
   3.32766208333333        3.02532916666667      -0.384082344570207     
   3.32766208333333        3.32766208333333      -0.344463550063073     
   3.32766208333333        3.62999500000000      -0.312374351081163     
   3.32766208333333        3.93232791666667      -0.284671020421009     
   3.32766208333333        4.23466083333333      -0.259052899562711     
   3.32766208333333        4.53699375000000      -0.235125705413877     
   3.32766208333333        4.83932666666667      -0.213642648968932     
   3.32766208333333        5.14165958333333      -0.195120764127640     
   3.32766208333333        5.44399250000000      -0.179135460950781     
   3.32766208333333        5.74632541666667      -0.164705109139833     
   3.32766208333333        6.04865833333333      -0.151184815462019     
   3.32766208333333        6.35099125000000      -0.138862419121775     
   3.32766208333333        6.65332416666666      -0.128282443437965     
   3.32766208333333        6.95565708333333      -0.119999692810278     
   3.32766208333333        7.25799000000000      -0.112960040054951     
   3.62999500000000       2.000000000000000E-003 -0.475692993383656     
   3.62999500000000       0.304332916666667      -0.544039284561418     
   3.62999500000000       0.606665833333333      -0.599169905332502     
   3.62999500000000       0.908998750000000      -0.631510529769952     
   3.62999500000000        1.21133166666667      -0.631979552750995     
   3.62999500000000        1.51366458333333      -0.612993206633466     
   3.62999500000000        1.81599750000000      -0.588565491801672     
   3.62999500000000        2.11833041666667      -0.547843945692233     
   3.62999500000000        2.42066333333333      -0.494542376230464     
   3.62999500000000        2.72299625000000      -0.438424728731786     
   3.62999500000000        3.02532916666667      -0.388088473984278     
   3.62999500000000        3.32766208333333      -0.347120931441671     
   3.62999500000000        3.62999500000000      -0.314254955457921     
   3.62999500000000        3.93232791666667      -0.286150803624503     
   3.62999500000000        4.23466083333333      -0.260301921681207     
   3.62999500000000        4.53699375000000      -0.236191405207590     
   3.62999500000000        4.83932666666667      -0.214545189394777     
   3.62999500000000        5.14165958333333      -0.195902423977924     
   3.62999500000000        5.44399250000000      -0.179855464799221     
   3.62999500000000        5.74632541666667      -0.165410441042861     
   3.62999500000000        6.04865833333333      -0.151890284892103     
   3.62999500000000        6.35099125000000      -0.139583319749984     
   3.62999500000000        6.65332416666666      -0.128955051257339     
   3.62999500000000        6.95565708333333      -0.120730774686675     
   3.62999500000000        7.25799000000000      -0.114154750436380     
   3.93232791666667       2.000000000000000E-003 -0.462665666219224     
   3.93232791666667       0.304332916666667      -0.518366745659239     
   3.93232791666667       0.606665833333333      -0.572473345215626     
   3.93232791666667       0.908998750000000      -0.606910661258732     
   3.93232791666667        1.21133166666667      -0.610358190894782     
   3.93232791666667        1.51366458333333      -0.597000934173333     
   3.93232791666667        1.81599750000000      -0.575344627157364     
   3.93232791666667        2.11833041666667      -0.536967989321107     
   3.93232791666667        2.42066333333333      -0.486158410359802     
   3.93232791666667        2.72299625000000      -0.432448416975281     
   3.93232791666667        3.02532916666667      -0.384082327445414     
   3.93232791666667        3.32766208333333      -0.344463534566218     
   3.93232791666667        3.62999500000000      -0.312374332427371     
   3.93232791666667        3.93232791666667      -0.284671016037747     
   3.93232791666667        4.23466083333333      -0.259052908973019     
   3.93232791666667        4.53699375000000      -0.235125723881428     
   3.93232791666667        4.83932666666667      -0.213642671967442     
   3.93232791666667        5.14165958333333      -0.195120783328004     
   3.93232791666667        5.44399250000000      -0.179135477907309     
   3.93232791666667        5.74632541666667      -0.164705128333002     
   3.93232791666667        6.04865833333333      -0.151184840667046     
   3.93232791666667        6.35099125000000      -0.138862476102455     
   3.93232791666667        6.65332416666666      -0.128282511689749     
   3.93232791666667        6.95565708333333      -0.119999762434792     
   3.93232791666667        7.25799000000000      -0.112960077011900     
   4.23466083333333       2.000000000000000E-003 -0.415765259816175     
   4.23466083333333       0.304332916666667      -0.460619437583371     
   4.23466083333333       0.606665833333333      -0.509215398414742     
   4.23466083333333       0.908998750000000      -0.545046923671043     
   4.23466083333333        1.21133166666667      -0.555607538751983     
   4.23466083333333        1.51366458333333      -0.554420095172362     
   4.23466083333333        1.81599750000000      -0.539161026836321     
   4.23466083333333        2.11833041666667      -0.506960098835978     
   4.23466083333333        2.42066333333333      -0.462946965503150     
   4.23466083333333        2.72299625000000      -0.415839440483871     
   4.23466083333333        3.02532916666667      -0.372864766382379     
   4.23466083333333        3.32766208333333      -0.336919391719804     
   4.23466083333333        3.62999500000000      -0.306935728095555     
   4.23466083333333        3.93232791666667      -0.280322623391932     
   4.23466083333333        4.23466083333333      -0.255349904010191     
   4.23466083333333        4.53699375000000      -0.231954556352672     
   4.23466083333333        4.83932666666667      -0.210953949354791     
   4.23466083333333        5.14165958333333      -0.192796678250893     
   4.23466083333333        5.44399250000000      -0.177010063656570     
   4.23466083333333        5.74632541666667      -0.162645171214344     
   4.23466083333333        6.04865833333333      -0.149130376540771     
   4.23466083333333        6.35099125000000      -0.136726785082709     
   4.23466083333333        6.65332416666666      -0.126036247162381     
   4.23466083333333        6.95565708333333      -0.117349397121314     
   4.23466083333333        7.25799000000000      -0.109806976109755     
   4.53699375000000       2.000000000000000E-003 -0.361573146985874     
   4.53699375000000       0.304332916666667      -0.397967334822334     
   4.53699375000000       0.606665833333333      -0.438327241419952     
   4.53699375000000       0.908998750000000      -0.470868604311357     
   4.53699375000000        1.21133166666667      -0.490092244386568     
   4.53699375000000        1.51366458333333      -0.497201309632247     
   4.53699375000000        1.81599750000000      -0.488632278825406     
   4.53699375000000        2.11833041666667      -0.464499274979840     
   4.53699375000000        2.42066333333333      -0.429860214492955     
   4.53699375000000        2.72299625000000      -0.391932092286887     
   4.53699375000000        3.02532916666667      -0.356420043369240     
   4.53699375000000        3.32766208333333      -0.325516191665969     
   4.53699375000000        3.62999500000000      -0.298405286893285     
   4.53699375000000        3.93232791666667      -0.273305248433879     
   4.53699375000000        4.23466083333333      -0.249290840240478     
   4.53699375000000        4.53699375000000      -0.226740243998280     
   4.53699375000000        4.83932666666667      -0.206527957341035     
   4.53699375000000        5.14165958333333      -0.188985950678810     
   4.53699375000000        5.44399250000000      -0.173573197389307     
   4.53699375000000        5.74632541666667      -0.159394366196118     
   4.53699375000000        6.04865833333333      -0.145965788975115     
   4.53699375000000        6.35099125000000      -0.133519573775754     
   4.53699375000000        6.65332416666666      -0.122592812547624     
   4.53699375000000        6.95565708333333      -0.113357148792996     
   4.53699375000000        7.25799000000000      -0.105255839806816     
   4.83932666666667       2.000000000000000E-003 -0.316493339624019     
   4.83932666666667       0.304332916666667      -0.345783923355270     
   4.83932666666667       0.606665833333333      -0.377456227945759     
   4.83932666666667       0.908998750000000      -0.405945611792277     
   4.83932666666667        1.21133166666667      -0.427012477431111     
   4.83932666666667        1.51366458333333      -0.437050163068736     
   4.83932666666667        1.81599750000000      -0.433643191281488     
   4.83932666666667        2.11833041666667      -0.417543174471826     
   4.83932666666667        2.42066333333333      -0.392775434347193     
   4.83932666666667        2.72299625000000      -0.364588456629509     
   4.83932666666667        3.02532916666667      -0.336949391432853     
   4.83932666666667        3.32766208333333      -0.311318619515398     
   4.83932666666667        3.62999500000000      -0.287222505593085     
   4.83932666666667        3.93232791666667      -0.263797662992164     
   4.83932666666667        4.23466083333333      -0.240978850657241     
   4.83932666666667        4.53699375000000      -0.219567591317252     
   4.83932666666667        4.83932666666667      -0.200440578802759     
   4.83932666666667        5.14165958333333      -0.183773438002663     
   4.83932666666667        5.44399250000000      -0.168958159447132     
   4.83932666666667        5.74632541666667      -0.155181688342384     
   4.83932666666667        6.04865833333333      -0.142075406873890     
   4.83932666666667        6.35099125000000      -0.129872697499432     
   4.83932666666667        6.65332416666666      -0.119005435319163     
   4.83932666666667        6.95565708333333      -0.109576585049467     
   4.83932666666667        7.25799000000000      -0.101267342702142     
   5.14165958333333       2.000000000000000E-003 -0.283508633529284     
   5.14165958333333       0.304332916666667      -0.306773368069912     
   5.14165958333333       0.606665833333333      -0.331077415768010     
   5.14165958333333       0.908998750000000      -0.354212503479420     
   5.14165958333333        1.21133166666667      -0.372335084026490     
   5.14165958333333        1.51366458333333      -0.382171209630238     
   5.14165958333333        1.81599750000000      -0.382035556872029     
   5.14165958333333        2.11833041666667      -0.372558350091463     
   5.14165958333333        2.42066333333333      -0.356379677636510     
   5.14165958333333        2.72299625000000      -0.336747101651099     
   5.14165958333333        3.02532916666667      -0.316003412921988     
   5.14165958333333        3.32766208333333      -0.294998831858146     
   5.14165958333333        3.62999500000000      -0.273645136592363     
   5.14165958333333        3.93232791666667      -0.251940630193307     
   5.14165958333333        4.23466083333333      -0.230555749035782     
   5.14165958333333        4.53699375000000      -0.210585836495908     
   5.14165958333333        4.83932666666667      -0.192829194511279     
   5.14165958333333        5.14165958333333      -0.177291886755942     
   5.14165958333333        5.44399250000000      -0.163330628513697     
   5.14165958333333        5.74632541666667      -0.150248495634749     
   5.14165958333333        6.04865833333333      -0.137797642864159     
   5.14165958333333        6.35099125000000      -0.126199904465666     
   5.14165958333333        6.65332416666666      -0.115780385392603     
   5.14165958333333        6.95565708333333      -0.106634853281353     
   5.14165958333333        7.25799000000000      -9.844970796210471E-002
   5.44399250000000       2.000000000000000E-003 -0.260177939852842     
   5.44399250000000       0.304332916666667      -0.278821066581511     
   5.44399250000000       0.606665833333333      -0.297494102440124     
   5.44399250000000       0.908998750000000      -0.314798016243166     
   5.44399250000000        1.21133166666667      -0.328612656061279     
   5.44399250000000        1.51366458333333      -0.336760697055978     
   5.44399250000000        1.81599750000000      -0.338061373373736     
   5.44399250000000        2.11833041666667      -0.333025737683298     
   5.44399250000000        2.42066333333333      -0.323074140113056     
   5.44399250000000        2.72299625000000      -0.309790072587288     
   5.44399250000000        3.02532916666667      -0.294240321783351     
   5.44399250000000        3.32766208333333      -0.276853544604335     
   5.44399250000000        3.62999500000000      -0.257889325184858     
   5.44399250000000        3.93232791666667      -0.238000103179166     
   5.44399250000000        4.23466083333333      -0.218338419664616     
   5.44399250000000        4.53699375000000      -0.200107279005078     
   5.44399250000000        4.83932666666667      -0.183959247017508     
   5.44399250000000        5.14165958333333      -0.169761815938710     
   5.44399250000000        5.44399250000000      -0.156902412962058     
   5.44399250000000        5.74632541666667      -0.144839149251110     
   5.44399250000000        6.04865833333333      -0.133426904827668     
   5.44399250000000        6.35099125000000      -0.122823947644430     
   5.44399250000000        6.65332416666666      -0.113178303627373     
   5.44399250000000        6.95565708333333      -0.104470114272123     
   5.44399250000000        7.25799000000000      -9.650951678085598E-002
   5.74632541666667       2.000000000000000E-003 -0.244802398306643     
   5.74632541666667       0.304332916666667      -0.260327663181540     
   5.74632541666667       0.606665833333333      -0.274886864698489     
   5.74632541666667       0.908998750000000      -0.287292199348045     
   5.74632541666667        1.21133166666667      -0.296471624328549     
   5.74632541666667        1.51366458333333      -0.301659037784258     
   5.74632541666667        1.81599750000000      -0.302537653353689     
   5.74632541666667        2.11833041666667      -0.299537968669615     
   5.74632541666667        2.42066333333333      -0.293196087588211     
   5.74632541666667        2.72299625000000      -0.283899760121389     
   5.74632541666667        3.02532916666667      -0.271852231283379     
   5.74632541666667        3.32766208333333      -0.257217510056841     
   5.74632541666667        3.62999500000000      -0.240465919040745     
   5.74632541666667        3.93232791666667      -0.222598985725480     
   5.74632541666667        4.23466083333333      -0.204957147215370     
   5.74632541666667        4.53699375000000      -0.188682011590929     
   5.74632541666667        4.83932666666667      -0.174261843510077     
   5.74632541666667        5.14165958333333      -0.161506015316792     
   5.74632541666667        5.44399250000000      -0.149928277867242     
   5.74632541666667        5.74632541666667      -0.139203921939319     
   5.74632541666667        6.04865833333333      -0.129218546135019     
   5.74632541666667        6.35099125000000      -0.119879068608838     
   5.74632541666667        6.65332416666666      -0.111121297861443     
   5.74632541666667        6.95565708333333      -0.102866360241908     
   5.74632541666667        7.25799000000000      -9.511258493259458E-002
   6.04865833333333       2.000000000000000E-003 -0.235780488703913     
   6.04865833333333       0.304332916666667      -0.249491612218749     
   6.04865833333333       0.606665833333333      -0.261087245959976     
   6.04865833333333       0.908998750000000      -0.268869978533398     
   6.04865833333333        1.21133166666667      -0.273210443153307     
   6.04865833333333        1.51366458333333      -0.274825876312027     
   6.04865833333333        1.81599750000000      -0.273952483099712     
   6.04865833333333        2.11833041666667      -0.270941422433545     
   6.04865833333333        2.42066333333333      -0.266068208900295     
   6.04865833333333        2.72299625000000      -0.258937553756089     
   6.04865833333333        3.02532916666667      -0.249229923000859     
   6.04865833333333        3.32766208333333      -0.236903451487809     
   6.04865833333333        3.62999500000000      -0.222399455690076     
   6.04865833333333        3.93232791666667      -0.206796653937818     
   6.04865833333333        4.23466083333333      -0.191343406927603     
   6.04865833333333        4.53699375000000      -0.177048567635664     
   6.04865833333333        4.83932666666667      -0.164275622145339     
   6.04865833333333        5.14165958333333      -0.152889754498357     
   6.04865833333333        5.44399250000000      -0.142642201716894     
   6.04865833333333        5.74632541666667      -0.133453550029032     
   6.04865833333333        6.04865833333333      -0.125053074715544     
   6.04865833333333        6.35099125000000      -0.117174335235216     
   6.04865833333333        6.65332416666666      -0.109446722227928     
   6.04865833333333        6.95565708333333      -0.101606878018042     
   6.04865833333333        7.25799000000000      -9.398720741126193E-002
   6.35099125000000       2.000000000000000E-003 -0.230799345923390     
   6.35099125000000       0.304332916666667      -0.244155684500726     
   6.35099125000000       0.606665833333333      -0.253197292279063     
   6.35099125000000       0.908998750000000      -0.255618205683484     
   6.35099125000000        1.21133166666667      -0.254686046153312     
   6.35099125000000        1.51366458333333      -0.252511673108529     
   6.35099125000000        1.81599750000000      -0.249503517667630     
   6.35099125000000        2.11833041666667      -0.245634683114650     
   6.35099125000000        2.42066333333333      -0.241054698329161     
   6.35099125000000        2.72299625000000      -0.235138938319314     
   6.35099125000000        3.02532916666667      -0.227140699999268     
   6.35099125000000        3.32766208333333      -0.216573518558574     
   6.35099125000000        3.62999500000000      -0.204268647450456     
   6.35099125000000        3.93232791666667      -0.191442323712529     
   6.35099125000000        4.23466083333333      -0.178488694478963     
   6.35099125000000        4.53699375000000      -0.165946477323763     
   6.35099125000000        4.83932666666667      -0.154494876210702     
   6.35099125000000        5.14165958333333      -0.144199122469170     
   6.35099125000000        5.44399250000000      -0.135177428763887     
   6.35099125000000        5.74632541666667      -0.127422439038818     
   6.35099125000000        6.04865833333333      -0.120610470606415     
   6.35099125000000        6.35099125000000      -0.114369787411074     
   6.35099125000000        6.65332416666666      -0.107954472256079     
   6.35099125000000        6.95565708333333      -0.100530968938971     
   6.35099125000000        7.25799000000000      -9.286575384687834E-002
   6.65332416666666       2.000000000000000E-003 -0.225580568199975     
   6.65332416666666       0.304332916666667      -0.239983099764326     
   6.65332416666666       0.606665833333333      -0.245330951780401     
   6.65332416666666       0.908998750000000      -0.241753077377540     
   6.65332416666666        1.21133166666667      -0.236432971885511     
   6.65332416666666        1.51366458333333      -0.231541690514944     
   6.65332416666666        1.81599750000000      -0.226937658577310     
   6.65332416666666        2.11833041666667      -0.222443698504658     
   6.65332416666666        2.42066333333333      -0.218055565700485     
   6.65332416666666        2.72299625000000      -0.213194259881856     
   6.65332416666666        3.02532916666667      -0.206717240010213     
   6.65332416666666        3.32766208333333      -0.197720576205625     
   6.65332416666666        3.62999500000000      -0.187818790248006     
   6.65332416666666        3.93232791666667      -0.178342065420386     
   6.65332416666666        4.23466083333333      -0.167741213931218     
   6.65332416666666        4.53699375000000      -0.156104480860915     
   6.65332416666666        4.83932666666667      -0.145206900230298     
   6.65332416666666        5.14165958333333      -0.135560319348092     
   6.65332416666666        5.44399250000000      -0.127506862243006     
   6.65332416666666        5.74632541666667      -0.120900273002751     
   6.65332416666666        6.04865833333333      -0.115437755213447     
   6.65332416666666        6.35099125000000      -0.110769810895244     
   6.65332416666666        6.65332416666666      -0.105989283168673     
   6.65332416666666        6.95565708333333      -9.938594297069105E-002
   6.65332416666666        7.25799000000000      -9.146977137270937E-002
   6.95565708333333       2.000000000000000E-003 -0.211358249215870     
   6.95565708333333       0.304332916666667      -0.226962885391316     
   6.95565708333333       0.606665833333333      -0.227742655552165     
   6.95565708333333       0.908998750000000      -0.221733603660403     
   6.95565708333333        1.21133166666667      -0.215911271936456     
   6.95565708333333        1.51366458333333      -0.210597709218388     
   6.95565708333333        1.81599750000000      -0.205616569883596     
   6.95565708333333        2.11833041666667      -0.201119710421170     
   6.95565708333333        2.42066333333333      -0.197396641300940     
   6.95565708333333        2.72299625000000      -0.194190098508569     
   6.95565708333333        3.02532916666667      -0.190260936559862     
   6.95565708333333        3.32766208333333      -0.183939741781833     
   6.95565708333333        3.62999500000000      -0.176838841897127     
   6.95565708333333        3.93232791666667      -0.169766596735837     
   6.95565708333333        4.23466083333333      -0.159773174329180     
   6.95565708333333        4.53699375000000      -0.147678642516204     
   6.95565708333333        4.83932666666667      -0.136358930611148     
   6.95565708333333        5.14165958333333      -0.126992397911693     
   6.95565708333333        5.44399250000000      -0.119612780979716     
   6.95565708333333        5.74632541666667      -0.113855933367507     
   6.95565708333333        6.04865833333333      -0.109308119633035     
   6.95565708333333        6.35099125000000      -0.105576042576490     
   6.95565708333333        6.65332416666666      -0.101987319525342     
   6.95565708333333        6.95565708333333      -9.671526336597824E-002
   6.95565708333333        7.25799000000000      -8.870900027367982E-002
   7.25799000000000       2.000000000000000E-003 -0.190582804149048     
   7.25799000000000       0.304332916666667      -0.201700514233168     
   7.25799000000000       0.606665833333333      -0.202439879412630     
   7.25799000000000       0.908998750000000      -0.199284712224638     
   7.25799000000000        1.21133166666667      -0.195359069733206     
   7.25799000000000        1.51366458333333      -0.190799281392474     
   7.25799000000000        1.81599750000000      -0.186131726799458     
   7.25799000000000        2.11833041666667      -0.182073615096743     
   7.25799000000000        2.42066333333333      -0.179382202607420     
   7.25799000000000        2.72299625000000      -0.178204286192136     
   7.25799000000000        3.02532916666667      -0.177614914827230     
   7.25799000000000        3.32766208333333      -0.174831053255899     
   7.25799000000000        3.62999500000000      -0.168993819614569     
   7.25799000000000        3.93232791666667      -0.161211619027886     
   7.25799000000000        4.23466083333333      -0.151192289130802     
   7.25799000000000        4.53699375000000      -0.138785193201276     
   7.25799000000000        4.83932666666667      -0.127386798271233     
   7.25799000000000        5.14165958333333      -0.118332074321128     
   7.25799000000000        5.44399250000000      -0.111617237631393     
   7.25799000000000        5.74632541666667      -0.106593568685252     
   7.25799000000000        6.04865833333333      -0.102736873977924     
   7.25799000000000        6.35099125000000      -9.949754381034290E-002
   7.25799000000000        6.65332416666666      -9.610040642257679E-002
   7.25799000000000        6.95565708333333      -9.076954698183136E-002
   7.25799000000000        7.25799000000000      -8.334981396737073E-002
