  2.000000000000000E-003  2.000000000000000E-003  -1.83958801769759     
  2.000000000000000E-003  0.304332916666667       -1.67588738772969     
  2.000000000000000E-003  0.606665833333333       -1.47043497902169     
  2.000000000000000E-003  0.908998750000000       -1.18317084499082     
  2.000000000000000E-003   1.21133166666667      -0.912243238232148     
  2.000000000000000E-003   1.51366458333333      -0.709183144767600     
  2.000000000000000E-003   1.81599750000000      -0.564198824240422     
  2.000000000000000E-003   2.11833041666667      -0.457918969816925     
  2.000000000000000E-003   2.42066333333333      -0.377373642261214     
  2.000000000000000E-003   2.72299625000000      -0.317094015352891     
  2.000000000000000E-003   3.02532916666667      -0.274306048255852     
  2.000000000000000E-003   3.32766208333333      -0.244960993775703     
  2.000000000000000E-003   3.62999500000000      -0.225623026243793     
  2.000000000000000E-003   3.93232791666667      -0.198257402887098     
  2.000000000000000E-003   4.23466083333333      -0.176276626395943     
  2.000000000000000E-003   4.53699375000000      -0.158278714686751     
  2.000000000000000E-003   4.83932666666667      -0.143708406512437     
  2.000000000000000E-003   5.14165958333333      -0.132025726820344     
  2.000000000000000E-003   5.44399250000000      -0.122729581657148     
  2.000000000000000E-003   5.74632541666667      -0.115411774533697     
  2.000000000000000E-003   6.04865833333333      -0.109720430937590     
  2.000000000000000E-003   6.35099125000000      -0.105389887312571     
  2.000000000000000E-003   6.65332416666666      -0.101676937905691     
  2.000000000000000E-003   6.95565708333333      -9.754291661520996E-002
  2.000000000000000E-003   7.25799000000000      -9.332178161600238E-002
  0.304332916666667       2.000000000000000E-003  -1.67528092241078     
  0.304332916666667       0.304332916666667       -1.62244417479667     
  0.304332916666667       0.606665833333333       -1.43232726035496     
  0.304332916666667       0.908998750000000       -1.14968600151017     
  0.304332916666667        1.21133166666667      -0.890596224578006     
  0.304332916666667        1.51366458333333      -0.696202575036099     
  0.304332916666667        1.81599750000000      -0.556263998753826     
  0.304332916666667        2.11833041666667      -0.453148165842375     
  0.304332916666667        2.42066333333333      -0.374840613598695     
  0.304332916666667        2.72299625000000      -0.315838104897105     
  0.304332916666667        3.02532916666667      -0.274154024702250     
  0.304332916666667        3.32766208333333      -0.245524521813081     
  0.304332916666667        3.62999500000000      -0.223397949348877     
  0.304332916666667        3.93232791666667      -0.199262464276661     
  0.304332916666667        4.23466083333333      -0.176929100763150     
  0.304332916666667        4.53699375000000      -0.158477236347994     
  0.304332916666667        4.83932666666667      -0.143737800741738     
  0.304332916666667        5.14165958333333      -0.131911487090322     
  0.304332916666667        5.44399250000000      -0.122480822800742     
  0.304332916666667        5.74632541666667      -0.114997937050624     
  0.304332916666667        6.04865833333333      -0.109051439987639     
  0.304332916666667        6.35099125000000      -0.104364793897101     
  0.304332916666667        6.65332416666666      -0.100356116002625     
  0.304332916666667        6.95565708333333      -9.613632959453723E-002
  0.304332916666667        7.25799000000000      -9.125801252219606E-002
  0.606665833333333       2.000000000000000E-003  -1.46948725467919     
  0.606665833333333       0.304332916666667       -1.43175736999466     
  0.606665833333333       0.606665833333333       -1.27411793258965     
  0.606665833333333       0.908998750000000       -1.04263335641472     
  0.606665833333333        1.21133166666667      -0.826591833138246     
  0.606665833333333        1.51366458333333      -0.658586788427525     
  0.606665833333333        1.81599750000000      -0.533353090120614     
  0.606665833333333        2.11833041666667      -0.438958926002756     
  0.606665833333333        2.42066333333333      -0.366892564838733     
  0.606665833333333        2.72299625000000      -0.311434628629934     
  0.606665833333333        3.02532916666667      -0.271773629791074     
  0.606665833333333        3.32766208333333      -0.243663960611696     
  0.606665833333333        3.62999500000000      -0.220918111348677     
  0.606665833333333        3.93232791666667      -0.198341557038188     
  0.606665833333333        4.23466083333333      -0.176728323591332     
  0.606665833333333        4.53699375000000      -0.158277854281729     
  0.606665833333333        4.83932666666667      -0.143452002200105     
  0.606665833333333        5.14165958333333      -0.131378537799640     
  0.606665833333333        5.44399250000000      -0.121680506229884     
  0.606665833333333        5.74632541666667      -0.113775962735602     
  0.606665833333333        6.04865833333333      -0.107198538598048     
  0.606665833333333        6.35099125000000      -0.101714893260818     
  0.606665833333333        6.65332416666666      -9.708222656968046E-002
  0.606665833333333        6.95565708333333      -9.288562106712983E-002
  0.606665833333333        7.25799000000000      -8.786951187031421E-002
  0.908998750000000       2.000000000000000E-003  -1.18229736672419     
  0.908998750000000       0.304332916666667       -1.14901156217386     
  0.908998750000000       0.606665833333333       -1.04234195587141     
  0.908998750000000       0.908998750000000      -0.887526635018650     
  0.908998750000000        1.21133166666667      -0.732623991568708     
  0.908998750000000        1.51366458333333      -0.601991278048211     
  0.908998750000000        1.81599750000000      -0.498143602228237     
  0.908998750000000        2.11833041666667      -0.416674361159484     
  0.908998750000000        2.42066333333333      -0.352930339056679     
  0.908998750000000        2.72299625000000      -0.303158546037048     
  0.908998750000000        3.02532916666667      -0.265669655319638     
  0.908998750000000        3.32766208333333      -0.237811951013882     
  0.908998750000000        3.62999500000000      -0.215006467458315     
  0.908998750000000        3.93232791666667      -0.193875146679943     
  0.908998750000000        4.23466083333333      -0.174075549219048     
  0.908998750000000        4.53699375000000      -0.156727741072731     
  0.908998750000000        4.83932666666667      -0.142230850763273     
  0.908998750000000        5.14165958333333      -0.130178684553714     
  0.908998750000000        5.44399250000000      -0.120196459616094     
  0.908998750000000        5.74632541666667      -0.111781113746935     
  0.908998750000000        6.04865833333333      -0.104478357389386     
  0.908998750000000        6.35099125000000      -9.811857103149386E-002
  0.908998750000000        6.65332416666666      -9.263489159589450E-002
  0.908998750000000        6.95565708333333      -8.770992060679848E-002
  0.908998750000000        7.25799000000000      -8.226630818690481E-002
   1.21133166666667       2.000000000000000E-003 -0.911563220099905     
   1.21133166666667       0.304332916666667      -0.890019684548551     
   1.21133166666667       0.606665833333333      -0.826241087145624     
   1.21133166666667       0.908998750000000      -0.732487303163391     
   1.21133166666667        1.21133166666667      -0.630570451548104     
   1.21133166666667        1.51366458333333      -0.536288272491778     
   1.21133166666667        1.81599750000000      -0.455382143143668     
   1.21133166666667        2.11833041666667      -0.388482997164457     
   1.21133166666667        2.42066333333333      -0.334203538488177     
   1.21133166666667        2.72299625000000      -0.290776015610662     
   1.21133166666667        3.02532916666667      -0.256548975762780     
   1.21133166666667        3.32766208333333      -0.229598076042190     
   1.21133166666667        3.62999500000000      -0.207367404505394     
   1.21133166666667        3.93232791666667      -0.187642709292330     
   1.21133166666667        4.23466083333333      -0.169711150538104     
   1.21133166666667        4.53699375000000      -0.153783660123831     
   1.21133166666667        4.83932666666667      -0.139961066647153     
   1.21133166666667        5.14165958333333      -0.128099079645162     
   1.21133166666667        5.44399250000000      -0.117926894404661     
   1.21133166666667        5.74632541666667      -0.109056897629551     
   1.21133166666667        6.04865833333333      -0.101136363238457     
   1.21133166666667        6.35099125000000      -9.406359833765318E-002
   1.21133166666667        6.65332416666666      -8.781034082434708E-002
   1.21133166666667        6.95565708333333      -8.213433731579059E-002
   1.21133166666667        7.25799000000000      -7.635988705035850E-002
   1.51366458333333       2.000000000000000E-003 -0.708695069407344     
   1.51366458333333       0.304332916666667      -0.695768131920210     
   1.51366458333333       0.606665833333333      -0.658279568896129     
   1.51366458333333       0.908998750000000      -0.601821551128399     
   1.51366458333333        1.21133166666667      -0.536224011097426     
   1.51366458333333        1.51366458333333      -0.470504408206222     
   1.51366458333333        1.81599750000000      -0.410073659320631     
   1.51366458333333        2.11833041666667      -0.357367115773584     
   1.51366458333333        2.42066333333333      -0.312683953361380     
   1.51366458333333        2.72299625000000      -0.275558586315170     
   1.51366458333333        3.02532916666667      -0.245130301125726     
   1.51366458333333        3.32766208333333      -0.220166387183667     
   1.51366458333333        3.62999500000000      -0.199184498875181     
   1.51366458333333        3.93232791666667      -0.180876034279490     
   1.51366458333333        4.23466083333333      -0.164501621598110     
   1.51366458333333        4.53699375000000      -0.149813714233223     
   1.51366458333333        4.83932666666667      -0.136730883357607     
   1.51366458333333        5.14165958333333      -0.125140270149770     
   1.51366458333333        5.44399250000000      -0.114864646030125     
   1.51366458333333        5.74632541666667      -0.105685383439929     
   1.51366458333333        6.04865833333333      -9.736345067510391E-002
   1.51366458333333        6.35099125000000      -8.985147930141515E-002
   1.51366458333333        6.65332416666666      -8.314384007027295E-002
   1.51366458333333        6.95565708333333      -7.706761609196572E-002
   1.51366458333333        7.25799000000000      -7.120491485003204E-002
   1.81599750000000       2.000000000000000E-003 -0.563860939358069     
   1.81599750000000       0.304332916666667      -0.555954418439240     
   1.81599750000000       0.606665833333333      -0.533113344544891     
   1.81599750000000       0.908998750000000      -0.497986898620056     
   1.81599750000000        1.21133166666667      -0.455297218862183     
   1.81599750000000        1.51366458333333      -0.410040449719325     
   1.81599750000000        1.81599750000000      -0.366152631846391     
   1.81599750000000        2.11833041666667      -0.325836250583990     
   1.81599750000000        2.42066333333333      -0.290019591148660     
   1.81599750000000        2.72299625000000      -0.258944383304449     
   1.81599750000000        3.02532916666667      -0.232418301939812     
   1.81599750000000        3.32766208333333      -0.209895531841007     
   1.81599750000000        3.62999500000000      -0.190591734929312     
   1.81599750000000        3.93232791666667      -0.173704879164694     
   1.81599750000000        4.23466083333333      -0.158626679002596     
   1.81599750000000        4.53699375000000      -0.144997247852687     
   1.81599750000000        4.83932666666667      -0.132623235590520     
   1.81599750000000        5.14165958333333      -0.121378235104019     
   1.81599750000000        5.44399250000000      -0.111153793898676     
   1.81599750000000        5.74632541666667      -0.101850820134556     
   1.81599750000000        6.04865833333333      -9.337400643289545E-002
   1.81599750000000        6.35099125000000      -8.569597965885012E-002
   1.81599750000000        6.65332416666666      -7.882749166227548E-002
   1.81599750000000        6.95565708333333      -7.263103016652145E-002
   1.81599750000000        7.25799000000000      -6.682444360081129E-002
   2.11833041666667       2.000000000000000E-003 -0.457684390026062     
   2.11833041666667       0.304332916666667      -0.452928320129108     
   2.11833041666667       0.606665833333333      -0.438777715840075     
   2.11833041666667       0.908998750000000      -0.416541584401498     
   2.11833041666667        1.21133166666667      -0.388397545822824     
   2.11833041666667        1.51366458333333      -0.357320597371008     
   2.11833041666667        1.81599750000000      -0.325817918974655     
   2.11833041666667        2.11833041666667      -0.295504383249406     
   2.11833041666667        2.42066333333333      -0.267298627670699     
   2.11833041666667        2.72299625000000      -0.241704411090850     
   2.11833041666667        3.02532916666667      -0.218941449686556     
   2.11833041666667        3.32766208333333      -0.198958270418865     
   2.11833041666667        3.62999500000000      -0.181454005410410     
   2.11833041666667        3.93232791666667      -0.165980237922789     
   2.11833041666667        4.23466083333333      -0.152083933976315     
   2.11833041666667        4.53699375000000      -0.139411051703660     
   2.11833041666667        4.83932666666667      -0.127734343930594     
   2.11833041666667        5.14165958333333      -0.116931195985723     
   2.11833041666667        5.44399250000000      -0.106950137242846     
   2.11833041666667        5.74632541666667      -9.778075771755951E-002
   2.11833041666667        6.04865833333333      -8.942075733346289E-002
   2.11833041666667        6.35099125000000      -8.184346781566740E-002
   2.11833041666667        6.65332416666666      -7.499699244395139E-002
   2.11833041666667        6.95565708333333      -6.882044913425292E-002
   2.11833041666667        7.25799000000000      -6.309712224025102E-002
   2.42066333333333       2.000000000000000E-003 -0.377202139453265     
   2.42066333333333       0.304332916666667      -0.374678644535497     
   2.42066333333333       0.606665833333333      -0.366754489978694     
   2.42066333333333       0.908998750000000      -0.352823462617911     
   2.42066333333333        1.21133166666667      -0.334128230753414     
   2.42066333333333        1.51366458333333      -0.312636170489566     
   2.42066333333333        1.81599750000000      -0.289993492560889     
   2.42066333333333        2.11833041666667      -0.267288268346004     
   2.42066333333333        2.42066333333333      -0.245224102122650     
   2.42066333333333        2.72299625000000      -0.224325462444089     
   2.42066333333333        3.02532916666667      -0.205001233654773     
   2.42066333333333        3.32766208333333      -0.187489045324903     
   2.42066333333333        3.62999500000000      -0.171795298695341     
   2.42066333333333        3.93232791666667      -0.157717220370138     
   2.42066333333333        4.23466083333333      -0.144945204558433     
   2.42066333333333        4.53699375000000      -0.133182235437335     
   2.42066333333333        4.83932666666667      -0.122221731697683     
   2.42066333333333        5.14165958333333      -0.111967758754670     
   2.42066333333333        5.44399250000000      -0.102414431115929     
   2.42066333333333        5.74632541666667      -9.360471270336362E-002
   2.42066333333333        6.04865833333333      -8.557878148938146E-002
   2.42066333333333        6.35099125000000      -7.832133198588115E-002
   2.42066333333333        6.65332416666666      -7.173157177908540E-002
   2.42066333333333        6.95565708333333      -6.566583094740194E-002
   2.42066333333333        7.25799000000000      -6.003935530627549E-002
   2.72299625000000       2.000000000000000E-003 -0.316955365376660     
   2.72299625000000       0.304332916666667      -0.315711414017267     
   2.72299625000000       0.606665833333333      -0.311332324407295     
   2.72299625000000       0.908998750000000      -0.303078625267837     
   2.72299625000000        1.21133166666667      -0.290715820536745     
   2.72299625000000        1.51366458333333      -0.275516555686789     
   2.72299625000000        1.81599750000000      -0.258917761633195     
   2.72299625000000        2.11833041666667      -0.241689932880044     
   2.72299625000000        2.42066333333333      -0.224319819271219     
   2.72299625000000        2.72299625000000      -0.207251426298000     
   2.72299625000000        3.02532916666667      -0.190932309312051     
   2.72299625000000        3.32766208333333      -0.175721806451389     
   2.72299625000000        3.62999500000000      -0.161785389119438     
   2.72299625000000        3.93232791666667      -0.149071876234846     
   2.72299625000000        4.23466083333333      -0.137388117217547     
   2.72299625000000        4.53699375000000      -0.126515161280592     
   2.72299625000000        4.83932666666667      -0.116299285544510     
   2.72299625000000        5.14165958333333      -0.106686026643994     
   2.72299625000000        5.44399250000000      -9.770423094936388E-002
   2.72299625000000        5.74632541666667      -8.942263075479867E-002
   2.72299625000000        6.04865833333333      -8.189444112228322E-002
   2.72299625000000        6.35099125000000      -7.509205137933625E-002
   2.72299625000000        6.65332416666666      -6.892006878411353E-002
   2.72299625000000        6.95565708333333      -6.320922375090898E-002
   2.72299625000000        7.25799000000000      -5.773212796773426E-002
   3.02532916666667       2.000000000000000E-003 -0.274177182000409     
   3.02532916666667       0.304332916666667      -0.274047787040630     
   3.02532916666667       0.606665833333333      -0.271702883540011     
   3.02532916666667       0.908998750000000      -0.265618994106387     
   3.02532916666667        1.21133166666667      -0.256507440757045     
   3.02532916666667        1.51366458333333      -0.245098282740595     
   3.02532916666667        1.81599750000000      -0.232396010950611     
   3.02532916666667        2.11833041666667      -0.218927573732419     
   3.02532916666667        2.42066333333333      -0.204993947585976     
   3.02532916666667        2.72299625000000      -0.190929670812380     
   3.02532916666667        3.02532916666667      -0.177137827210622     
   3.02532916666667        3.32766208333333      -0.163987045338026     
   3.02532916666667        3.62999500000000      -0.151693295354064     
   3.02532916666667        3.93232791666667      -0.140281743350089     
   3.02532916666667        4.23466083333333      -0.129644378193796     
   3.02532916666667        4.53699375000000      -0.119641865615574     
   3.02532916666667        4.83932666666667      -0.110185260016819     
   3.02532916666667        5.14165958333333      -0.101264794630920     
   3.02532916666667        5.44399250000000      -9.293377074384579E-002
   3.02532916666667        5.74632541666667      -8.527210028672724E-002
   3.02532916666667        6.04865833333333      -7.834914838331426E-002
   3.02532916666667        6.35099125000000      -7.219494592359192E-002
   3.02532916666667        6.65332416666666      -6.668697744914513E-002
   3.02532916666667        6.95565708333333      -6.138467670194287E-002
   3.02532916666667        7.25799000000000      -5.595350713994191E-002
   3.32766208333333       2.000000000000000E-003 -0.244841923255428     
   3.32766208333333       0.304332916666667      -0.245447097229806     
   3.32766208333333       0.606665833333333      -0.243633627252706     
   3.32766208333333       0.908998750000000      -0.237794100256334     
   3.32766208333333        1.21133166666667      -0.229577597273679     
   3.32766208333333        1.51366458333333      -0.220146213800356     
   3.32766208333333        1.81599750000000      -0.209880173347486     
   3.32766208333333        2.11833041666667      -0.198948077265353     
   3.32766208333333        2.42066333333333      -0.187483179303363     
   3.32766208333333        2.72299625000000      -0.175719195758074     
   3.32766208333333        3.02532916666667      -0.163986480626433     
   3.32766208333333        3.32766208333333      -0.152606907377206     
   3.32766208333333        3.62999500000000      -0.141784899613266     
   3.32766208333333        3.93232791666667      -0.131572764257430     
   3.32766208333333        4.23466083333333      -0.121919484642594     
   3.32766208333333        4.53699375000000      -0.112753993704325     
   3.32766208333333        4.83932666666667      -0.104046345853294     
   3.32766208333333        5.14165958333333      -9.582309496251992E-002
   3.32766208333333        5.44399250000000      -8.814992366290471E-002
   3.32766208333333        5.74632541666667      -8.110912519480885E-002
   3.32766208333333        6.04865833333333      -7.480010399783540E-002
   3.32766208333333        6.35099125000000      -6.930382598118241E-002
   3.32766208333333        6.65332416666666      -6.438697314588633E-002
   3.32766208333333        6.95565708333333      -5.937956087659922E-002
   3.32766208333333        7.25799000000000      -5.394738323198051E-002
   3.62999500000000       2.000000000000000E-003 -0.225527256596220     
   3.62999500000000       0.304332916666667      -0.223355784710841     
   3.62999500000000       0.606665833333333      -0.220924296299883     
   3.62999500000000       0.908998750000000      -0.215014993212591     
   3.62999500000000        1.21133166666667      -0.207363872304501     
   3.62999500000000        1.51366458333333      -0.199174614739536     
   3.62999500000000        1.81599750000000      -0.190583463284104     
   3.62999500000000        2.11833041666667      -0.181448754354413     
   3.62999500000000        2.42066333333333      -0.171792745101740     
   3.62999500000000        2.72299625000000      -0.161784933496438     
   3.62999500000000        3.02532916666667      -0.151694212771942     
   3.62999500000000        3.32766208333333      -0.141786122948033     
   3.62999500000000        3.62999500000000      -0.132232428648018     
   3.62999500000000        3.93232791666667      -0.123089176857364     
   3.62999500000000        4.23466083333333      -0.114341139898299     
   3.62999500000000        4.53699375000000      -0.105966430601665     
   3.62999500000000        4.83932666666667      -9.797605957839846E-002
   3.62999500000000        5.14165958333333      -9.041587451738078E-002
   3.62999500000000        5.44399250000000      -8.334960697077737E-002
   3.62999500000000        5.74632541666667      -7.684904161264967E-002
   3.62999500000000        6.04865833333333      -7.101534201210323E-002
   3.62999500000000        6.35099125000000      -6.591691419985572E-002
   3.62999500000000        6.65332416666666      -6.126753846239579E-002
   3.62999500000000        6.95565708333333      -5.640048663594303E-002
   3.62999500000000        7.25799000000000      -5.186010016963664E-002
   3.93232791666667       2.000000000000000E-003 -0.198176204433864     
   3.93232791666667       0.304332916666667      -0.199229831925638     
   3.93232791666667       0.606665833333333      -0.198352873793442     
   3.93232791666667       0.908998750000000      -0.193889238557076     
   3.93232791666667        1.21133166666667      -0.187644750534064     
   3.93232791666667        1.51366458333333      -0.180871900564626     
   3.93232791666667        1.81599750000000      -0.173701881885650     
   3.93232791666667        2.11833041666667      -0.165979633487407     
   3.93232791666667        2.42066333333333      -0.157718750669729     
   3.93232791666667        2.72299625000000      -0.149075067771737     
   3.93232791666667        3.02532916666667      -0.140286004070569     
   3.93232791666667        3.32766208333333      -0.131577145356506     
   3.93232791666667        3.62999500000000      -0.123092248464559     
   3.93232791666667        3.93232791666667      -0.114885208186581     
   3.93232791666667        4.23466083333333      -0.106961646196745     
   3.93232791666667        4.53699375000000      -9.932766615227796E-002
   3.93232791666667        4.83932666666667      -9.201230150437267E-002
   3.93232791666667        5.14165958333333      -8.506148595308746E-002
   3.93232791666667        5.44399250000000      -7.852456865167995E-002
   3.93232791666667        5.74632541666667      -7.245168770011520E-002
   3.93232791666667        6.04865833333333      -6.690650338034212E-002
   3.93232791666667        6.35099125000000      -6.193442796491337E-002
   3.93232791666667        6.65332416666666      -5.731653442897017E-002
   3.93232791666667        6.95565708333333      -5.266549951717912E-002
   3.93232791666667        7.25799000000000      -4.827967968941869E-002
   4.23466083333333       2.000000000000000E-003 -0.176222484502488     
   4.23466083333333       0.304332916666667      -0.176896033096299     
   4.23466083333333       0.606665833333333      -0.176722951551909     
   4.23466083333333       0.908998750000000      -0.174077778333240     
   4.23466083333333        1.21133166666667      -0.169708760083568     
   4.23466083333333        1.51366458333333      -0.164498909815808     
   4.23466083333333        1.81599750000000      -0.158626689892813     
   4.23466083333333        2.11833041666667      -0.152087004771061     
   4.23466083333333        2.42066333333333      -0.144950919921702     
   4.23466083333333        2.72299625000000      -0.137395918740908     
   4.23466083333333        3.02532916666667      -0.129653512593982     
   4.23466083333333        3.32766208333333      -0.121928810415391     
   4.23466083333333        3.62999500000000      -0.114349094107813     
   4.23466083333333        3.93232791666667      -0.106966447681170     
   4.23466083333333        4.23466083333333      -9.979648796035086E-002
   4.23466083333333        4.53699375000000      -9.285495247026801E-002
   4.23466083333333        4.83932666666667      -8.616945594425186E-002
   4.23466083333333        5.14165958333333      -7.977206389233718E-002
   4.23466083333333        5.44399250000000      -7.369256550951175E-002
   4.23466083333333        5.74632541666667      -6.796206688190370E-002
   4.23466083333333        6.04865833333333      -6.261474778418777E-002
   4.23466083333333        6.35099125000000      -5.767257255679913E-002
   4.23466083333333        6.65332416666666      -5.308422446386954E-002
   4.23466083333333        6.95565708333333      -4.872499287795553E-002
   4.23466083333333        7.25799000000000      -4.466397822145913E-002
   4.53699375000000       2.000000000000000E-003 -0.158232792664848     
   4.53699375000000       0.304332916666667      -0.158440813512724     
   4.53699375000000       0.606665833333333      -0.158257887127843     
   4.53699375000000       0.908998750000000      -0.156716862548600     
   4.53699375000000        1.21133166666667      -0.153776807382792     
   4.53699375000000        1.51366458333333      -0.149811168763778     
   4.53699375000000        1.81599750000000      -0.144999189083438     
   4.53699375000000        2.11833041666667      -0.139417235469617     
   4.53699375000000        2.42066333333333      -0.133192209668466     
   4.53699375000000        2.72299625000000      -0.126528245972736     
   4.53699375000000        3.02532916666667      -0.119656983083258     
   4.53699375000000        3.32766208333333      -0.112769592973532     
   4.53699375000000        3.62999500000000      -0.105980627633072     
   4.53699375000000        3.93232791666667      -9.933855179170803E-002
   4.53699375000000        4.23466083333333      -9.286092459581642E-002
   4.53699375000000        4.53699375000000      -8.656190554462982E-002
   4.53699375000000        4.83932666666667      -8.045803720689068E-002
   4.53699375000000        5.14165958333333      -7.456340079269159E-002
   4.53699375000000        5.44399250000000      -6.889130147120805E-002
   4.53699375000000        5.74632541666667      -6.346514663103225E-002
   4.53699375000000        6.04865833333333      -5.832137015457513E-002
   4.53699375000000        6.35099125000000      -5.348576481116032E-002
   4.53699375000000        6.65332416666666      -4.898151514489398E-002
   4.53699375000000        6.95565708333333      -4.483258841588759E-002
   4.53699375000000        7.25799000000000      -4.101081880812781E-002
   4.83932666666667       2.000000000000000E-003 -0.143672033076213     
   4.83932666666667       0.304332916666667      -0.143706462533411     
   4.83932666666667       0.606665833333333      -0.143430723237933     
   4.83932666666667       0.908998750000000      -0.142218225280435     
   4.83932666666667        1.21133166666667      -0.139955001969555     
   4.83932666666667        1.51366458333333      -0.136730353932750     
   4.83932666666667        1.81599750000000      -0.132627915774200     
   4.83932666666667        2.11833041666667      -0.127744158766449     
   4.83932666666667        2.42066333333333      -0.122236470178210     
   4.83932666666667        2.72299625000000      -0.116318235172366     
   4.83932666666667        3.02532916666667      -0.110207006859343     
   4.83932666666667        3.32766208333333      -0.104068872300108     
   4.83932666666667        3.62999500000000      -9.799710680454088E-002
   4.83932666666667        3.93232791666667      -9.202980866185724E-002
   4.83932666666667        4.23466083333333      -8.618187523864211E-002
   4.83932666666667        4.53699375000000      -8.046443699989377E-002
   4.83932666666667        4.83932666666667      -7.488551291513759E-002
   4.83932666666667        5.14165958333333      -6.944687890198842E-002
   4.83932666666667        5.44399250000000      -6.415263047587766E-002
   4.83932666666667        5.74632541666667      -5.902644683246185E-002
   4.83932666666667        6.04865833333333      -5.411880546228030E-002
   4.83932666666667        6.35099125000000      -4.948995438801256E-002
   4.83932666666667        6.65332416666666      -4.518109932999970E-002
   4.83932666666667        6.95565708333333      -4.120907598150146E-002
   4.83932666666667        7.25799000000000      -3.756334248141934E-002
   5.14165958333333       2.000000000000000E-003 -0.132007301875944     
   5.14165958333333       0.304332916666667      -0.131895326928890     
   5.14165958333333       0.606665833333333      -0.131367136315581     
   5.14165958333333       0.908998750000000      -0.130173475312059     
   5.14165958333333        1.21133166666667      -0.128099246938798     
   5.14165958333333        1.51366458333333      -0.125145126594068     
   5.14165958333333        1.81599750000000      -0.121387888894235     
   5.14165958333333        2.11833041666667      -0.116946141971113     
   5.14165958333333        2.42066333333333      -0.111988209315045     
   5.14165958333333        2.72299625000000      -0.106711352518579     
   5.14165958333333        3.02532916666667      -0.101293343232115     
   5.14165958333333        3.32766208333333      -9.585247421071778E-002
   5.14165958333333        3.62999500000000      -9.044354381170144E-002
   5.14165958333333        3.93232791666667      -8.508533021744207E-002
   5.14165958333333        4.23466083333333      -7.979067820407444E-002
   5.14165958333333        4.53699375000000      -7.457604296376359E-002
   5.14165958333333        4.83932666666667      -6.945324438360620E-002
   5.14165958333333        5.14165958333333      -6.442331923925362E-002
   5.14165958333333        5.44399250000000      -5.948735845639692E-002
   5.14165958333333        5.74632541666667      -5.466841515627737E-002
   5.14165958333333        6.04865833333333      -5.002395914726557E-002
   5.14165958333333        6.35099125000000      -4.563302312675591E-002
   5.14165958333333        6.65332416666666      -4.156325637798051E-002
   5.14165958333333        6.95565708333333      -3.783687183146417E-002
   5.14165958333333        7.25799000000000      -3.438411933433406E-002
   5.44399250000000       2.000000000000000E-003 -0.122744195872681     
   5.44399250000000       0.304332916666667      -0.122494226195707     
   5.44399250000000       0.606665833333333      -0.121691406677799     
   5.44399250000000       0.908998750000000      -0.120205514477994     
   5.44399250000000        1.21133166666667      -0.117936885098187     
   5.44399250000000        1.51366458333333      -0.114877882964564     
   5.44399250000000        1.81599750000000      -0.111170849105932     
   5.44399250000000        2.11833041666667      -0.106971939181881     
   5.44399250000000        2.42066333333333      -0.102441583959266     
   5.44399250000000        2.72299625000000      -9.773624760391358E-002
   5.44399250000000        3.02532916666667      -9.296888020745042E-002
   5.44399250000000        3.32766208333333      -8.818550253756371E-002
   5.44399250000000        3.62999500000000      -8.338299417239319E-002
   5.44399250000000        3.93232791666667      -7.855378378804552E-002
   5.44399250000000        4.23466083333333      -7.371652879051463E-002
   5.44399250000000        4.53699375000000      -6.890958275864013E-002
   5.44399250000000        4.83932666666667      -6.416505817659163E-002
   5.44399250000000        5.14165958333333      -5.949374211320937E-002
   5.44399250000000        5.44399250000000      -5.489433773738553E-002
   5.44399250000000        5.74632541666667      -5.037909328083084E-002
   5.44399250000000        6.04865833333333      -4.599969651589847E-002
   5.44399250000000        6.35099125000000      -4.186264235920756E-002
   5.44399250000000        6.65332416666666      -3.805887668962823E-002
   5.44399250000000        6.95565708333333      -3.458385869806070E-002
   5.44399250000000        7.25799000000000      -3.133387273823519E-002
   5.74632541666667       2.000000000000000E-003 -0.115474417715478     
   5.74632541666667       0.304332916666667      -0.115055193161549     
   5.74632541666667       0.606665833333333      -0.113820396037738     
   5.74632541666667       0.908998750000000      -0.111813061686984     
   5.74632541666667        1.21133166666667      -0.109081374250217     
   5.74632541666667        1.51366458333333      -0.105708390475113     
   5.74632541666667        1.81599750000000      -0.101876485439945     
   5.74632541666667        2.11833041666667      -9.781040326437063E-002
   5.74632541666667        2.42066333333333      -9.363909402696710E-002
   5.74632541666667        2.72299625000000      -8.946137116528718E-002
   5.74632541666667        3.02532916666667      -8.531335433648712E-002
   5.74632541666667        3.32766208333333      -8.115004703261336E-002
   5.74632541666667        3.62999500000000      -7.688689287742242E-002
   5.74632541666667        3.93232791666667      -7.248485824260489E-002
   5.74632541666667        4.23466083333333      -6.799013233647166E-002
   5.74632541666667        4.53699375000000      -6.348819165313736E-002
   5.74632541666667        4.83932666666667      -5.904449548096815E-002
   5.74632541666667        5.14165958333333      -5.468121216782354E-002
   5.74632541666667        5.44399250000000      -5.038603642295561E-002
   5.74632541666667        5.74632541666667      -4.614719196060898E-002
   5.74632541666667        6.04865833333333      -4.201127273940407E-002
   5.74632541666667        6.35099125000000      -3.808601143568216E-002
   5.74632541666667        6.65332416666666      -3.450185667954260E-002
   5.74632541666667        6.95565708333333      -3.127423209865666E-002
   5.74632541666667        7.25799000000000      -2.822067789807876E-002
   6.04865833333333       2.000000000000000E-003 -0.109841713670065     
   6.04865833333333       0.304332916666667      -0.109160180397015     
   6.04865833333333       0.606665833333333      -0.107279636057703     
   6.04865833333333       0.908998750000000      -0.104533735816097     
   6.04865833333333        1.21133166666667      -0.101175856705782     
   6.04865833333333        1.51366458333333      -9.739656845975557E-002
   6.04865833333333        1.81599750000000      -9.340751310454933E-002
   6.04865833333333        2.11833041666667      -8.945788735134053E-002
   6.04865833333333        2.42066333333333      -8.562020451051025E-002
   6.04865833333333        2.72299625000000      -8.193983401025071E-002
   6.04865833333333        3.02532916666667      -7.839654781589772E-002
   6.04865833333333        3.32766208333333      -7.484598279376378E-002
   6.04865833333333        3.62999500000000      -7.105633251027714E-002
   6.04865833333333        3.93232791666667      -6.694173946537763E-002
   6.04865833333333        4.23466083333333      -6.264531210628506E-002
   6.04865833333333        4.53699375000000      -5.834817278615583E-002
   6.04865833333333        4.83932666666667      -5.414200597476231E-002
   6.04865833333333        5.14165958333333      -5.004324087471520E-002
   6.04865833333333        5.44399250000000      -4.601435142492033E-002
   6.04865833333333        5.74632541666667      -4.201965279457551E-002
   6.04865833333333        6.04865833333333      -3.804313150935865E-002
   6.04865833333333        6.35099125000000      -3.419100959941321E-002
   6.04865833333333        6.65332416666666      -3.070290007328185E-002
   6.04865833333333        6.95565708333333      -2.769856207429922E-002
   6.04865833333333        7.25799000000000      -2.485417698759595E-002
   6.35099125000000       2.000000000000000E-003 -0.105572605565507     
   6.35099125000000       0.304332916666667      -0.104522195925425     
   6.35099125000000       0.606665833333333      -0.101822692632871     
   6.35099125000000       0.908998750000000      -9.818776715634299E-002
   6.35099125000000        1.21133166666667      -9.411186800285277E-002
   6.35099125000000        1.51366458333333      -8.989149463014022E-002
   6.35099125000000        1.81599750000000      -8.573535116801939E-002
   6.35099125000000        2.11833041666667      -8.188647145961828E-002
   6.35099125000000        2.42066333333333      -7.836903976176995E-002
   6.35099125000000        2.72299625000000      -7.514440068110681E-002
   6.35099125000000        3.02532916666667      -7.224951435527824E-002
   6.35099125000000        3.32766208333333      -6.935485874896016E-002
   6.35099125000000        3.62999500000000      -6.595975442604721E-002
   6.35099125000000        3.93232791666667      -6.196954530577416E-002
   6.35099125000000        4.23466083333333      -5.770370853197816E-002
   6.35099125000000        4.53699375000000      -5.351533653271776E-002
   6.35099125000000        4.83932666666667      -4.951790353639008E-002
   6.35099125000000        5.14165958333333      -4.565881286337175E-002
   6.35099125000000        5.44399250000000      -4.188541511037159E-002
   6.35099125000000        5.74632541666667      -3.810380770693206E-002
   6.35099125000000        6.04865833333333      -3.420139766264967E-002
   6.35099125000000        6.35099125000000      -3.023784222889749E-002
   6.35099125000000        6.65332416666666      -2.658315519553423E-002
   6.35099125000000        6.95565708333333      -2.371522151345934E-002
   6.35099125000000        7.25799000000000      -2.114017676353053E-002
   6.65332416666666       2.000000000000000E-003 -0.101914289238829     
   6.65332416666666       0.304332916666667      -0.100545107821080     
   6.65332416666666       0.606665833333333      -9.719399288064813E-002
   6.65332416666666       0.908998750000000      -9.270121102856763E-002
   6.65332416666666        1.21133166666667      -8.785814261933175E-002
   6.65332416666666        1.51366458333333      -8.318582774416339E-002
   6.65332416666666        1.81599750000000      -7.887005302470447E-002
   6.65332416666666        2.11833041666667      -7.504379389652538E-002
   6.65332416666666        2.42066333333333      -7.178448149479261E-002
   6.65332416666666        2.72299625000000      -6.897946732988640E-002
   6.65332416666666        3.02532916666667      -6.674947328942084E-002
   6.65332416666666        3.32766208333333      -6.444456409133426E-002
   6.65332416666666        3.62999500000000      -6.131287947461794E-002
   6.65332416666666        3.93232791666667      -5.735152196079119E-002
   6.65332416666666        4.23466083333333      -5.311599991858762E-002
   6.65332416666666        4.53699375000000      -4.901372780267873E-002
   6.65332416666666        4.83932666666667      -4.521358247065650E-002
   6.65332416666666        5.14165958333333      -4.159520436210685E-002
   6.65332416666666        5.44399250000000      -3.808921267295170E-002
   6.65332416666666        5.74632541666667      -3.452901117045465E-002
   6.65332416666666        6.04865833333333      -3.072477575432859E-002
   6.65332416666666        6.35099125000000      -2.659654188569722E-002
   6.65332416666666        6.65332416666666      -2.251099115703847E-002
   6.65332416666666        6.95565708333333      -1.951798402522065E-002
   6.65332416666666        7.25799000000000      -1.735000478814157E-002
   6.95565708333333       2.000000000000000E-003 -9.779753090649171E-002
   6.95565708333333       0.304332916666667      -9.632394138055403E-002
   6.95565708333333       0.606665833333333      -9.297937319717034E-002
   6.95565708333333       0.908998750000000      -8.776293316669988E-002
   6.95565708333333        1.21133166666667      -8.217658269758270E-002
   6.95565708333333        1.51366458333333      -7.710887766948740E-002
   6.95565708333333        1.81599750000000      -7.267489720441261E-002
   6.95565708333333        2.11833041666667      -6.886956556448340E-002
   6.95565708333333        2.42066333333333      -6.572241891953270E-002
   6.95565708333333        2.72299625000000      -6.327400934387309E-002
   6.95565708333333        3.02532916666667      -6.145471629338453E-002
   6.95565708333333        3.32766208333333      -5.944560920236311E-002
   6.95565708333333        3.62999500000000      -5.645270536876893E-002
   6.95565708333333        3.93232791666667      -5.270594712341974E-002
   6.95565708333333        4.23466083333333      -4.876132531323144E-002
   6.95565708333333        4.53699375000000      -4.486914249016837E-002
   6.95565708333333        4.83932666666667      -4.124605528982186E-002
   6.95565708333333        5.14165958333333      -3.787373117799112E-002
   6.95565708333333        5.44399250000000      -3.461995242873621E-002
   6.95565708333333        5.74632541666667      -3.130877240354588E-002
   6.95565708333333        6.04865833333333      -2.773058274497789E-002
   6.95565708333333        6.35099125000000      -2.374283184573681E-002
   6.95565708333333        6.65332416666666      -1.953697419678118E-002
   6.95565708333333        6.95565708333333      -1.609795170808503E-002
   6.95565708333333        7.25799000000000      -1.405645445466096E-002
   7.25799000000000       2.000000000000000E-003 -9.354034899645775E-002
   7.25799000000000       0.304332916666667      -9.142586277945064E-002
   7.25799000000000       0.606665833333333      -8.795096639370878E-002
   7.25799000000000       0.908998750000000      -8.231305924691788E-002
   7.25799000000000        1.21133166666667      -7.640042301531873E-002
   7.25799000000000        1.51366458333333      -7.124676473508564E-002
   7.25799000000000        1.81599750000000      -6.686983330084476E-002
   7.25799000000000        2.11833041666667      -6.314787407840416E-002
   7.25799000000000        2.42066333333333      -6.009765235442371E-002
   7.25799000000000        2.72299625000000      -5.779878128825810E-002
   7.25799000000000        3.02532916666667      -5.602611899234458E-002
   7.25799000000000        3.32766208333333      -5.401616046699890E-002
   7.25799000000000        3.62999500000000      -5.191632598985208E-002
   7.25799000000000        3.93232791666667      -4.833198967301320E-002
   7.25799000000000        4.23466083333333      -4.470914645717938E-002
   7.25799000000000        4.53699375000000      -4.105307998519618E-002
   7.25799000000000        4.83932666666667      -3.760409922997532E-002
   7.25799000000000        5.14165958333333      -3.442380788954692E-002
   7.25799000000000        5.44399250000000      -3.137260980468789E-002
   7.25799000000000        5.74632541666667      -2.825849259993220E-002
   7.25799000000000        6.04865833333333      -2.489118511140943E-002
   7.25799000000000        6.35099125000000      -2.117619499738457E-002
   7.25799000000000        6.65332416666666      -1.738328963273465E-002
   7.25799000000000        6.95565708333333      -1.407852836884599E-002
   7.25799000000000        7.25799000000000      -1.099939418120242E-002
