  2.000000000000000E-003  2.000000000000000E-003 -0.563860939358068     
  2.000000000000000E-003  0.304332916666667      -0.563151685200183     
  2.000000000000000E-003  0.606665833333333      -0.516786540081761     
  2.000000000000000E-003  0.908998750000000      -0.457343427956519     
  2.000000000000000E-003   1.21133166666667      -0.401243437145713     
  2.000000000000000E-003   1.51366458333333      -0.351613217386740     
  2.000000000000000E-003   1.81599750000000      -0.309137412504892     
  2.000000000000000E-003   2.11833041666667      -0.273535186210705     
  2.000000000000000E-003   2.42066333333333      -0.244314368655698     
  2.000000000000000E-003   2.72299625000000      -0.221778334749613     
  2.000000000000000E-003   3.02532916666667      -0.204511013499156     
  2.000000000000000E-003   3.32766208333333      -0.189337143931091     
  2.000000000000000E-003   3.62999500000000      -0.175482639276088     
  2.000000000000000E-003   3.93232791666667      -0.159188730132688     
  2.000000000000000E-003   4.23466083333333      -0.143721003451610     
  2.000000000000000E-003   4.53699375000000      -0.128620277286286     
  2.000000000000000E-003   4.83932666666667      -0.115675861283986     
  2.000000000000000E-003   5.14165958333333      -0.105423743308508     
  2.000000000000000E-003   5.44399250000000      -9.754667819202811E-002
  2.000000000000000E-003   5.74632541666667      -9.138164806114810E-002
  2.000000000000000E-003   6.04865833333333      -8.639166656851617E-002
  2.000000000000000E-003   6.35099125000000      -8.209692501204079E-002
  2.000000000000000E-003   6.65332416666666      -7.799081582647881E-002
  2.000000000000000E-003   6.95565708333333      -7.305586912413714E-002
  2.000000000000000E-003   7.25799000000000      -6.682469674207453E-002
  0.304332916666667       2.000000000000000E-003 -0.685352024388127     
  0.304332916666667       0.304332916666667      -0.672834371945605     
  0.304332916666667       0.606665833333333      -0.601562159002904     
  0.304332916666667       0.908998750000000      -0.518763569438800     
  0.304332916666667        1.21133166666667      -0.445944110867556     
  0.304332916666667        1.51366458333333      -0.385103484922075     
  0.304332916666667        1.81599750000000      -0.335003152641305     
  0.304332916666667        2.11833041666667      -0.293822605569192     
  0.304332916666667        2.42066333333333      -0.260213161410675     
  0.304332916666667        2.72299625000000      -0.233874690864684     
  0.304332916666667        3.02532916666667      -0.212743267202403     
  0.304332916666667        3.32766208333333      -0.194305118565916     
  0.304332916666667        3.62999500000000      -0.178384543251650     
  0.304332916666667        3.93232791666667      -0.163553281521903     
  0.304332916666667        4.23466083333333      -0.148091240687897     
  0.304332916666667        4.53699375000000      -0.132988366790585     
  0.304332916666667        4.83932666666667      -0.119829161605909     
  0.304332916666667        5.14165958333333      -0.109219407580791     
  0.304332916666667        5.44399250000000      -0.100968759946688     
  0.304332916666667        5.74632541666667      -9.446550086727726E-002
  0.304332916666667        6.04865833333333      -8.920084127077216E-002
  0.304332916666667        6.35099125000000      -8.473964415195320E-002
  0.304332916666667        6.65332416666666      -8.062868228827710E-002
  0.304332916666667        6.95565708333333      -7.612668291158992E-002
  0.304332916666667        7.25799000000000      -7.047951737352058E-002
  0.606665833333333       2.000000000000000E-003 -0.781858752533122     
  0.606665833333333       0.304332916666667      -0.752703210550727     
  0.606665833333333       0.606665833333333      -0.670844857625363     
  0.606665833333333       0.908998750000000      -0.573233000669503     
  0.606665833333333        1.21133166666667      -0.485545868010610     
  0.606665833333333        1.51366458333333      -0.413809915946761     
  0.606665833333333        1.81599750000000      -0.356377752813983     
  0.606665833333333        2.11833041666667      -0.310444854731263     
  0.606665833333333        2.42066333333333      -0.273654036294791     
  0.606665833333333        2.72299625000000      -0.244220777776530     
  0.606665833333333        3.02532916666667      -0.219990280668129     
  0.606665833333333        3.32766208333333      -0.199051553594817     
  0.606665833333333        3.62999500000000      -0.181025302531091     
  0.606665833333333        3.93232791666667      -0.165209341590408     
  0.606665833333333        4.23466083333333      -0.150051339669626     
  0.606665833333333        4.53699375000000      -0.135642828720826     
  0.606665833333333        4.83932666666667      -0.122916544734752     
  0.606665833333333        5.14165958333333      -0.112327506406561     
  0.606665833333333        5.44399250000000      -0.103809259085197     
  0.606665833333333        5.74632541666667      -9.694192485660055E-002
  0.606665833333333        6.04865833333333      -9.131045654033351E-002
  0.606665833333333        6.35099125000000      -8.654450418789669E-002
  0.606665833333333        6.65332416666666      -8.218968757934733E-002
  0.606665833333333        6.95565708333333      -7.766665817690321E-002
  0.606665833333333        7.25799000000000      -7.245112799843449E-002
  0.908998750000000       2.000000000000000E-003 -0.803325155442835     
  0.908998750000000       0.304332916666667      -0.774455318781740     
  0.908998750000000       0.606665833333333      -0.697815586727339     
  0.908998750000000       0.908998750000000      -0.601182049748962     
  0.908998750000000        1.21133166666667      -0.509342145021942     
  0.908998750000000        1.51366458333333      -0.432056361783059     
  0.908998750000000        1.81599750000000      -0.370345874403776     
  0.908998750000000        2.11833041666667      -0.321858147788461     
  0.908998750000000        2.42066333333333      -0.283430723373453     
  0.908998750000000        2.72299625000000      -0.252092463402631     
  0.908998750000000        3.02532916666667      -0.225854900715605     
  0.908998750000000        3.32766208333333      -0.203249461813396     
  0.908998750000000        3.62999500000000      -0.183655041446341     
  0.908998750000000        3.93232791666667      -0.166586690781602     
  0.908998750000000        4.23466083333333      -0.151275413398327     
  0.908998750000000        4.53699375000000      -0.137418172278855     
  0.908998750000000        4.83932666666667      -0.125195975592250     
  0.908998750000000        5.14165958333333      -0.114696410555789     
  0.908998750000000        5.44399250000000      -0.105902753045679     
  0.908998750000000        5.74632541666667      -9.862098207363849E-002
  0.908998750000000        6.04865833333333      -9.252377587703116E-002
  0.908998750000000        6.35099125000000      -8.729210489924408E-002
  0.908998750000000        6.65332416666666      -8.253262008255842E-002
  0.908998750000000        6.95565708333333      -7.775158568573903E-002
  0.908998750000000        7.25799000000000      -7.249283030046361E-002
   1.21133166666667       2.000000000000000E-003 -0.789445371263523     
   1.21133166666667       0.304332916666667      -0.763974695232323     
   1.21133166666667       0.606665833333333      -0.695447725092454     
   1.21133166666667       0.908998750000000      -0.606220892182362     
   1.21133166666667        1.21133166666667      -0.516946992192694     
   1.21133166666667        1.51366458333333      -0.439306516494337     
   1.21133166666667        1.81599750000000      -0.376781708620076     
   1.21133166666667        2.11833041666667      -0.328116404690724     
   1.21133166666667        2.42066333333333      -0.289149839021797     
   1.21133166666667        2.72299625000000      -0.256894242089264     
   1.21133166666667        3.02532916666667      -0.229562645444505     
   1.21133166666667        3.32766208333333      -0.206041381669376     
   1.21133166666667        3.62999500000000      -0.185632909733033     
   1.21133166666667        3.93232791666667      -0.167928238313943     
   1.21133166666667        4.23466083333333      -0.152481241871225     
   1.21133166666667        4.53699375000000      -0.138873268913165     
   1.21133166666667        4.83932666666667      -0.126866245886695     
   1.21133166666667        5.14165958333333      -0.116336951678416     
   1.21133166666667        5.44399250000000      -0.107245542496268     
   1.21133166666667        5.74632541666667      -9.952105426998845E-002
   1.21133166666667        6.04865833333333      -9.293242785936187E-002
   1.21133166666667        6.35099125000000      -8.722298453227179E-002
   1.21133166666667        6.65332416666666      -8.205607906768383E-002
   1.21133166666667        6.95565708333333      -7.701682388772645E-002
   1.21133166666667        7.25799000000000      -7.166113886463410E-002
   1.51366458333333       2.000000000000000E-003 -0.759621028357587     
   1.51366458333333       0.304332916666667      -0.737196016348168     
   1.51366458333333       0.606665833333333      -0.677070748686657     
   1.51366458333333       0.908998750000000      -0.595995599222585     
   1.51366458333333        1.21133166666667      -0.512184141317447     
   1.51366458333333        1.51366458333333      -0.437391970809773     
   1.51366458333333        1.81599750000000      -0.376983862131819     
   1.51366458333333        2.11833041666667      -0.329398242832986     
   1.51366458333333        2.42066333333333      -0.290729007256625     
   1.51366458333333        2.72299625000000      -0.258417851175415     
   1.51366458333333        3.02532916666667      -0.230866111308109     
   1.51366458333333        3.32766208333333      -0.207104543670626     
   1.51366458333333        3.62999500000000      -0.186544221144105     
   1.51366458333333        3.93232791666667      -0.168761464081623     
   1.51366458333333        4.23466083333333      -0.153336959418192     
   1.51366458333333        4.53699375000000      -0.139838110463473     
   1.51366458333333        4.83932666666667      -0.127900405426991     
   1.51366458333333        5.14165958333333      -0.117289700342437     
   1.51366458333333        5.44399250000000      -0.107915320227846     
   1.51366458333333        5.74632541666667      -9.976998022856333E-002
   1.51366458333333        6.04865833333333      -9.273958779792285E-002
   1.51366458333333        6.35099125000000      -8.661343360528209E-002
   1.51366458333333        6.65332416666666      -8.110461246711533E-002
   1.51366458333333        6.95565708333333      -7.582729600369423E-002
   1.51366458333333        7.25799000000000      -7.039461082247178E-002
   1.81599750000000       2.000000000000000E-003 -0.720164066947060     
   1.81599750000000       0.304332916666667      -0.700619728533684     
   1.81599750000000       0.606665833333333      -0.646714564262035     
   1.81599750000000       0.908998750000000      -0.573712051445774     
   1.81599750000000        1.21133166666667      -0.496404611452005     
   1.81599750000000        1.51366458333333      -0.427390708742543     
   1.81599750000000        1.81599750000000      -0.371353572971942     
   1.81599750000000        2.11833041666667      -0.325790602369250     
   1.81599750000000        2.42066333333333      -0.288174806107022     
   1.81599750000000        2.72299625000000      -0.256571305805953     
   1.81599750000000        3.02532916666667      -0.229584093702505     
   1.81599750000000        3.32766208333333      -0.206287001195202     
   1.81599750000000        3.62999500000000      -0.186093576893781     
   1.81599750000000        3.93232791666667      -0.168584524822698     
   1.81599750000000        4.23466083333333      -0.153364896117688     
   1.81599750000000        4.53699375000000      -0.140019730905807     
   1.81599750000000        4.83932666666667      -0.128164894490247     
   1.81599750000000        5.14165958333333      -0.117526828665344     
   1.81599750000000        5.44399250000000      -0.107980670406075     
   1.81599750000000        5.74632541666667      -9.951178397744125E-002
   1.81599750000000        6.04865833333333      -9.211382446963087E-002
   1.81599750000000        6.35099125000000      -8.565471528660193E-002
   1.81599750000000        6.65332416666666      -7.987025780236014E-002
   1.81599750000000        6.95565708333333      -7.442003742531625E-002
   1.81599750000000        7.25799000000000      -6.893317864360599E-002
   2.11833041666667       2.000000000000000E-003 -0.673122810628831     
   2.11833041666667       0.304332916666667      -0.653948263899078     
   2.11833041666667       0.606665833333333      -0.604568182577562     
   2.11833041666667       0.908998750000000      -0.537943050557440     
   2.11833041666667        1.21133166666667      -0.471136751749642     
   2.11833041666667        1.51366458333333      -0.411391097864074     
   2.11833041666667        1.81599750000000      -0.360335274119726     
   2.11833041666667        2.11833041666667      -0.317492230746679     
   2.11833041666667        2.42066333333333      -0.281655386332059     
   2.11833041666667        2.72299625000000      -0.251463859475455     
   2.11833041666667        3.02532916666667      -0.225698425186837     
   2.11833041666667        3.32766208333333      -0.203432633218284     
   2.11833041666667        3.62999500000000      -0.184043564383622     
   2.11833041666667        3.93232791666667      -0.167110434932929     
   2.11833041666667        4.23466083333333      -0.152282860750721     
   2.11833041666667        4.53699375000000      -0.139204997482746     
   2.11833041666667        4.83932666666667      -0.127529623425096     
   2.11833041666667        5.14165958333333      -0.116985710524975     
   2.11833041666667        5.44399250000000      -0.107430255549264     
   2.11833041666667        5.74632541666667      -9.883390410949068E-002
   2.11833041666667        6.04865833333333      -9.120290164975413E-002
   2.11833041666667        6.35099125000000      -8.448589484931138E-002
   2.11833041666667        6.65332416666666      -7.850991106057077E-002
   2.11833041666667        6.95565708333333      -7.295405110886548E-002
   2.11833041666667        7.25799000000000      -6.747204923897519E-002
   2.42066333333333       2.000000000000000E-003 -0.626036991415856     
   2.42066333333333       0.304332916666667      -0.607427613698227     
   2.42066333333333       0.606665833333333      -0.559660232630706     
   2.42066333333333       0.908998750000000      -0.501571578814745     
   2.42066333333333        1.21133166666667      -0.443844817006401     
   2.42066333333333        1.51366458333333      -0.390964459592315     
   2.42066333333333        1.81599750000000      -0.344611222372169     
   2.42066333333333        2.11833041666667      -0.305036667930808     
   2.42066333333333        2.42066333333333      -0.271670292528022     
   2.42066333333333        2.72299625000000      -0.243516235909457     
   2.42066333333333        3.02532916666667      -0.219487793690976     
   2.42066333333333        3.32766208333333      -0.198660905477971     
   2.42066333333333        3.62999500000000      -0.180388041849552     
   2.42066333333333        3.93232791666667      -0.164262382580446     
   2.42066333333333        4.23466083333333      -0.149997832190973     
   2.42066333333333        4.53699375000000      -0.137323288753022     
   2.42066333333333        4.83932666666667      -0.125956048449969     
   2.42066333333333        5.14165958333333      -0.115648669306083     
   2.42066333333333        5.44399250000000      -0.106249731273660     
   2.42066333333333        5.74632541666667      -9.771669489578595E-002
   2.42066333333333        6.04865833333333      -9.006383607597339E-002
   2.42066333333333        6.35099125000000      -8.327681654610562E-002
   2.42066333333333        6.65332416666666      -7.724277679772029E-002
   2.42066333333333        6.95565708333333      -7.171739774984762E-002
   2.42066333333333        7.25799000000000      -6.632521675984865E-002
   2.72299625000000       2.000000000000000E-003 -0.587633091144185     
   2.72299625000000       0.304332916666667      -0.571132040563758     
   2.72299625000000       0.606665833333333      -0.527127277719775     
   2.72299625000000       0.908998750000000      -0.469680818628546     
   2.72299625000000        1.21133166666667      -0.414998766604416     
   2.72299625000000        1.51366458333333      -0.367051863769172     
   2.72299625000000        1.81599750000000      -0.325260934532280     
   2.72299625000000        2.11833041666667      -0.289441274030220     
   2.72299625000000        2.42066333333333      -0.259116128378599     
   2.72299625000000        2.72299625000000      -0.233459145705609     
   2.72299625000000        3.02532916666667      -0.211491014699790     
   2.72299625000000        3.32766208333333      -0.192328687331928     
   2.72299625000000        3.62999500000000      -0.175345194938861     
   2.72299625000000        3.93232791666667      -0.160176591182036     
   2.72299625000000        4.23466083333333      -0.146612839622311     
   2.72299625000000        4.53699375000000      -0.134470763188344     
   2.72299625000000        4.83932666666667      -0.123535669373265     
   2.72299625000000        5.14165958333333      -0.113590112494017     
   2.72299625000000        5.44399250000000      -0.104481775103933     
   2.72299625000000        5.74632541666667      -9.616235650809622E-002
   2.72299625000000        6.04865833333333      -8.866303301282516E-002
   2.72299625000000        6.35099125000000      -8.202384059171253E-002
   2.72299625000000        6.65332416666666      -7.620097929952264E-002
   2.72299625000000        6.95565708333333      -7.094344935892991E-002
   2.72299625000000        7.25799000000000      -6.577632964575419E-002
   3.02532916666667       2.000000000000000E-003 -0.542287675064508     
   3.02532916666667       0.304332916666667      -0.527753131338889     
   3.02532916666667       0.606665833333333      -0.487893403561473     
   3.02532916666667       0.908998750000000      -0.435472145708014     
   3.02532916666667        1.21133166666667      -0.384377301720296     
   3.02532916666667        1.51366458333333      -0.340948683015961     
   3.02532916666667        1.81599750000000      -0.303809776992722     
   3.02532916666667        2.11833041666667      -0.272072040774706     
   3.02532916666667        2.42066333333333      -0.245108661728059     
   3.02532916666667        2.72299625000000      -0.222158232461546     
   3.02532916666667        3.02532916666667      -0.202353801223523     
   3.02532916666667        3.32766208333333      -0.184907263048717     
   3.02532916666667        3.62999500000000      -0.169264739842432     
   3.02532916666667        3.93232791666667      -0.155130441274488     
   3.02532916666667        4.23466083333333      -0.142367097281217     
   3.02532916666667        4.53699375000000      -0.130862250821211     
   3.02532916666667        4.83932666666667      -0.120454754613019     
   3.02532916666667        5.14165958333333      -0.110954818705144     
   3.02532916666667        5.44399250000000      -0.102218009560309     
   3.02532916666667        5.74632541666667      -9.420386165274287E-002
   3.02532916666667        6.04865833333333      -8.697694139342199E-002
   3.02532916666667        6.35099125000000      -8.063341498121430E-002
   3.02532916666667        6.65332416666666      -7.512968680852898E-002
   3.02532916666667        6.95565708333333      -7.022601854983815E-002
   3.02532916666667        7.25799000000000      -6.533856908064503E-002
   3.32766208333333       2.000000000000000E-003 -0.497411089653209     
   3.32766208333333       0.304332916666667      -0.485595315602124     
   3.32766208333333       0.606665833333333      -0.448837065738041     
   3.32766208333333       0.908998750000000      -0.399665847744933     
   3.32766208333333        1.21133166666667      -0.352945904702940     
   3.32766208333333        1.51366458333333      -0.314254508663783     
   3.32766208333333        1.81599750000000      -0.281802970171517     
   3.32766208333333        2.11833041666667      -0.254199406336170     
   3.32766208333333        2.42066333333333      -0.230620071759131     
   3.32766208333333        2.72299625000000      -0.210340695619750     
   3.32766208333333        3.02532916666667      -0.192625997348423     
   3.32766208333333        3.32766208333333      -0.176827357425783     
   3.32766208333333        3.62999500000000      -0.162501474114692     
   3.32766208333333        3.93232791666667      -0.149430503269808     
   3.32766208333333        4.23466083333333      -0.137532297525920     
   3.32766208333333        4.53699375000000      -0.126735559032006     
   3.32766208333333        4.83932666666667      -0.116910320911732     
   3.32766208333333        5.14165958333333      -0.107889437732454     
   3.32766208333333        5.44399250000000      -9.954628666657189E-002
   3.32766208333333        5.74632541666667      -9.186268624630856E-002
   3.32766208333333        6.04865833333333      -8.495070458610932E-002
   3.32766208333333        6.35099125000000      -7.890138798811380E-002
   3.32766208333333        6.65332416666666      -7.365942538447276E-002
   3.32766208333333        6.95565708333333      -6.899690447615237E-002
   3.32766208333333        7.25799000000000      -6.431178215075953E-002
   3.62999500000000       2.000000000000000E-003 -0.449969642471596     
   3.62999500000000       0.304332916666667      -0.444476035686713     
   3.62999500000000       0.606665833333333      -0.410813761740113     
   3.62999500000000       0.908998750000000      -0.364814642219131     
   3.62999500000000        1.21133166666667      -0.322280523327041     
   3.62999500000000        1.51366458333333      -0.288059500527128     
   3.62999500000000        1.81599750000000      -0.260178017383569     
   3.62999500000000        2.11833041666667      -0.236550850781351     
   3.62999500000000        2.42066333333333      -0.216185112403975     
   3.62999500000000        2.72299625000000      -0.198410947124636     
   3.62999500000000        3.02532916666667      -0.182641124839534     
   3.62999500000000        3.32766208333333      -0.168387380977857     
   3.62999500000000        3.62999500000000      -0.155330981823607     
   3.62999500000000        3.93232791666667      -0.143327391032392     
   3.62999500000000        4.23466083333333      -0.132326536749539     
   3.62999500000000        4.53699375000000      -0.122269429585112     
   3.62999500000000        4.83932666666667      -0.113037730468758     
   3.62999500000000        5.14165958333333      -0.104484282412326     
   3.62999500000000        5.44399250000000      -9.650939939215744E-002
   3.62999500000000        5.74632541666667      -8.912408610271896E-002
   3.62999500000000        6.04865833333333      -8.247157558242495E-002
   3.62999500000000        6.35099125000000      -7.663157203865663E-002
   3.62999500000000        6.65332416666666      -7.154601539008219E-002
   3.62999500000000        6.95565708333333      -6.700043847188768E-002
   3.62999500000000        7.25799000000000      -6.275199161557340E-002
   3.93232791666667       2.000000000000000E-003 -0.392360998604027     
   3.93232791666667       0.304332916666667      -0.388661311565144     
   3.93232791666667       0.606665833333333      -0.363821523216338     
   3.93232791666667       0.908998750000000      -0.326743565994509     
   3.93232791666667        1.21133166666667      -0.291140059070788     
   3.93232791666667        1.51366458333333      -0.262280473912989     
   3.93232791666667        1.81599750000000      -0.239053941769100     
   3.93232791666667        2.11833041666667      -0.219245393418346     
   3.93232791666667        2.42066333333333      -0.201910191936330     
   3.93232791666667        2.72299625000000      -0.186490719524507     
   3.93232791666667        3.02532916666667      -0.172554660793220     
   3.93232791666667        3.32766208333333      -0.159772188923257     
   3.93232791666667        3.62999500000000      -0.147945773378581     
   3.93232791666667        3.93232791666667      -0.136995273921904     
   3.93232791666667        4.23466083333333      -0.126887070462249     
   3.93232791666667        4.53699375000000      -0.117558437749234     
   3.93232791666667        4.83932666666667      -0.108894129609587     
   3.93232791666667        5.14165958333333      -0.100768556470444     
   3.93232791666667        5.44399250000000      -9.311529448596026E-002
   3.93232791666667        5.74632541666667      -8.597209482754201E-002
   3.93232791666667        6.04865833333333      -7.948056455153270E-002
   3.93232791666667        6.35099125000000      -7.374450579917927E-002
   3.93232791666667        6.65332416666666      -6.874747904488943E-002
   3.93232791666667        6.95565708333333      -6.429872050555709E-002
   3.93232791666667        7.25799000000000      -5.988281490737295E-002
   4.23466083333333       2.000000000000000E-003 -0.327484009098067     
   4.23466083333333       0.304332916666667      -0.323456969416155     
   4.23466083333333       0.606665833333333      -0.308038149075248     
   4.23466083333333       0.908998750000000      -0.283955154842319     
   4.23466083333333        1.21133166666667      -0.258327520298488     
   4.23466083333333        1.51366458333333      -0.236588479299129     
   4.23466083333333        1.81599750000000      -0.218252550854859     
   4.23466083333333        2.11833041666667      -0.202183797548324     
   4.23466083333333        2.42066333333333      -0.187774061392968     
   4.23466083333333        2.72299625000000      -0.174635318873706     
   4.23466083333333        3.02532916666667      -0.162483890143282     
   4.23466083333333        3.32766208333333      -0.151132645516020     
   4.23466083333333        3.62999500000000      -0.140495660895549     
   4.23466083333333        3.93232791666667      -0.130553742333828     
   4.23466083333333        4.23466083333333      -0.121289584388070     
   4.23466083333333        4.53699375000000      -0.112638552610913     
   4.23466083333333        4.83932666666667      -0.104492358409389     
   4.23466083333333        5.14165958333333      -9.675152974900268E-002
   4.23466083333333        5.44399250000000      -8.938492849743923E-002
   4.23466083333333        5.74632541666667      -8.245179188995100E-002
   4.23466083333333        6.04865833333333      -7.607063362104313E-002
   4.23466083333333        6.35099125000000      -7.034394145890403E-002
   4.23466083333333        6.65332416666666      -6.530596502916598E-002
   4.23466083333333        6.95565708333333      -6.083034132844067E-002
   4.23466083333333        7.25799000000000      -5.647973915726970E-002
   4.53699375000000       2.000000000000000E-003 -0.263880675648902     
   4.53699375000000       0.304332916666667      -0.261881280963609     
   4.53699375000000       0.606665833333333      -0.254655201879315     
   4.53699375000000       0.908998750000000      -0.241909077523213     
   4.53699375000000        1.21133166666667      -0.226457444597161     
   4.53699375000000        1.51366458333333      -0.211607178108694     
   4.53699375000000        1.81599750000000      -0.198010747644744     
   4.53699375000000        2.11833041666667      -0.185538116839122     
   4.53699375000000        2.42066333333333      -0.173950109688342     
   4.53699375000000        2.72299625000000      -0.163025657698388     
   4.53699375000000        3.02532916666667      -0.152607133175308     
   4.53699375000000        3.32766208333333      -0.142628575582599     
   4.53699375000000        3.62999500000000      -0.133105670620588     
   4.53699375000000        3.93232791666667      -0.124083412324834     
   4.53699375000000        4.23466083333333      -0.115573197531738     
   4.53699375000000        4.53699375000000      -0.107523486571133     
   4.53699375000000        4.83932666666667      -9.984427737671878E-002
   4.53699375000000        5.14165958333333      -9.246584623552724E-002
   4.53699375000000        5.44399250000000      -8.538786285936943E-002
   4.53699375000000        5.74632541666667      -7.868368971515165E-002
   4.53699375000000        6.04865833333333      -7.245557679606199E-002
   4.53699375000000        6.35099125000000      -6.676278366905281E-002
   4.53699375000000        6.65332416666666      -6.161929270222535E-002
   4.53699375000000        6.95565708333333      -5.699044788232481E-002
   4.53699375000000        7.25799000000000      -5.260497387902047E-002
   4.83932666666667       2.000000000000000E-003 -0.214878012413281     
   4.83932666666667       0.304332916666667      -0.214727940052764     
   4.83932666666667       0.606665833333333      -0.212707843152781     
   4.83932666666667       0.908998750000000      -0.206724388903300     
   4.83932666666667        1.21133166666667      -0.198143291224900     
   4.83932666666667        1.51366458333333      -0.188665608703169     
   4.83932666666667        1.81599750000000      -0.179159320534180     
   4.83932666666667        2.11833041666667      -0.169898041972762     
   4.83932666666667        2.42066333333333      -0.160867172096162     
   4.83932666666667        2.72299625000000      -0.151964706612407     
   4.83932666666667        3.02532916666667      -0.143127967031878     
   4.83932666666667        3.32766208333333      -0.134387433208989     
   4.83932666666667        3.62999500000000      -0.125846750068295     
   4.83932666666667        3.93232791666667      -0.117615994426153     
   4.83932666666667        4.23466083333333      -0.109748500063209     
   4.83932666666667        4.53699375000000      -0.102223004435775     
   4.83932666666667        4.83932666666667      -9.497910530276529E-002
   4.83932666666667        5.14165958333333      -8.797604778092163E-002
   4.83932666666667        5.44399250000000      -8.123267191009177E-002
   4.83932666666667        5.74632541666667      -7.482220941676473E-002
   4.83932666666667        6.04865833333333      -6.882949648748056E-002
   4.83932666666667        6.35099125000000      -6.330015659088341E-002
   4.83932666666667        6.65332416666666      -5.821579165097619E-002
   4.83932666666667        6.95565708333333      -5.351811651896503E-002
   4.83932666666667        7.25799000000000      -4.914059916350030E-002
   5.14165958333333       2.000000000000000E-003 -0.180036665321683     
   5.14165958333333       0.304332916666667      -0.180341545110418     
   5.14165958333333       0.606665833333333      -0.180130766904125     
   5.14165958333333       0.908998750000000      -0.178536001823151     
   5.14165958333333        1.21133166666667      -0.174659486349120     
   5.14165958333333        1.51366458333333      -0.169111528393648     
   5.14165958333333        1.81599750000000      -0.162727661582843     
   5.14165958333333        2.11833041666667      -0.155972612765931     
   5.14165958333333        2.42066333333333      -0.148968780379243     
   5.14165958333333        2.72299625000000      -0.141693787995626     
   5.14165958333333        3.02532916666667      -0.134149238691367     
   5.14165958333333        3.32766208333333      -0.126430717751637     
   5.14165958333333        3.62999500000000      -0.118703356377063     
   5.14165958333333        3.93232791666667      -0.111129124281830     
   5.14165958333333        4.23466083333333      -0.103805010797679     
   5.14165958333333        4.53699375000000      -9.674970366386951E-002
   5.14165958333333        4.83932666666667      -8.993869405103373E-002
   5.14165958333333        5.14165958333333      -8.335571873971354E-002
   5.14165958333333        5.44399250000000      -7.702326624185006E-002
   5.14165958333333        5.74632541666667      -7.099513767583461E-002
   5.14165958333333        6.04865833333333      -6.532387969202649E-002
   5.14165958333333        6.35099125000000      -6.003272973334042E-002
   5.14165958333333        6.65332416666666      -5.511999237543681E-002
   5.14165958333333        6.95565708333333      -5.058475317221606E-002
   5.14165958333333        7.25799000000000      -4.634579911085487E-002
   5.44399250000000       2.000000000000000E-003 -0.156142527614758     
   5.44399250000000       0.304332916666667      -0.156714117667298     
   5.44399250000000       0.606665833333333      -0.157867528428981     
   5.44399250000000       0.908998750000000      -0.158122244616472     
   5.44399250000000        1.21133166666667      -0.156860946051304     
   5.44399250000000        1.51366458333333      -0.153841496339964     
   5.44399250000000        1.81599750000000      -0.149357703275716     
   5.44399250000000        2.11833041666667      -0.144124527023297     
   5.44399250000000        2.42066333333333      -0.138400470012790     
   5.44399250000000        2.72299625000000      -0.132215128771204     
   5.44399250000000        3.02532916666667      -0.125598584632253     
   5.44399250000000        3.32766208333333      -0.118667205613443     
   5.44399250000000        3.62999500000000      -0.111602692939206     
   5.44399250000000        3.93232791666667      -0.104586349779224     
   5.44399250000000        4.23466083333333      -9.774502569033383E-002
   5.44399250000000        4.53699375000000      -9.113701645911346E-002
   5.44399250000000        4.83932666666667      -8.477581825419073E-002
   5.44399250000000        5.14165958333333      -7.866565357526364E-002
   5.44399250000000        5.44399250000000      -7.282079554175445E-002
   5.44399250000000        5.74632541666667      -6.725906220821561E-002
   5.44399250000000        6.04865833333333      -6.198765764549072E-002
   5.44399250000000        6.35099125000000      -5.703889453302921E-002
   5.44399250000000        6.65332416666666      -5.242641625146506E-002
   5.44399250000000        6.95565708333333      -4.812076959260209E-002
   5.44399250000000        7.25799000000000      -4.407520885613214E-002
   5.74632541666667       2.000000000000000E-003 -0.143301856512177     
   5.74632541666667       0.304332916666667      -0.144400372073552     
   5.74632541666667       0.606665833333333      -0.146365412074593     
   5.74632541666667       0.908998750000000      -0.147146945148718     
   5.74632541666667        1.21133166666667      -0.145917163116987     
   5.74632541666667        1.51366458333333      -0.143019643184106     
   5.74632541666667        1.81599750000000      -0.138913425963844     
   5.74632541666667        2.11833041666667      -0.134114827202499     
   5.74632541666667        2.42066333333333      -0.128906609936604     
   5.74632541666667        2.72299625000000      -0.123301079980968     
   5.74632541666667        3.02532916666667      -0.117302966869908     
   5.74632541666667        3.32766208333333      -0.110993465186077     
   5.74632541666667        3.62999500000000      -0.104513060875829     
   5.74632541666667        3.93232791666667      -9.801623452716671E-002
   5.74632541666667        4.23466083333333      -9.163765509416957E-002
   5.74632541666667        4.53699375000000      -8.547095242252499E-002
   5.74632541666667        4.83932666666667      -7.956891430274993E-002
   5.74632541666667        5.14165958333333      -7.395748165225487E-002
   5.74632541666667        5.44399250000000      -6.864160284073462E-002
   5.74632541666667        5.74632541666667      -6.360786656714416E-002
   5.74632541666667        6.04865833333333      -5.884876316486232E-002
   5.74632541666667        6.35099125000000      -5.434426977491146E-002
   5.74632541666667        6.65332416666666      -5.007760603676512E-002
   5.74632541666667        6.95565708333333      -4.602975916872260E-002
   5.74632541666667        7.25799000000000      -4.216259220872903E-002
   6.04865833333333       2.000000000000000E-003 -0.140171256565572     
   6.04865833333333       0.304332916666667      -0.141714058457199     
   6.04865833333333       0.606665833333333      -0.143766033903350     
   6.04865833333333       0.908998750000000      -0.143143205608651     
   6.04865833333333        1.21133166666667      -0.139973465153466     
   6.04865833333333        1.51366458333333      -0.135489054098169     
   6.04865833333333        1.81599750000000      -0.130450399444724     
   6.04865833333333        2.11833041666667      -0.125235529304243     
   6.04865833333333        2.42066333333333      -0.120026155851353     
   6.04865833333333        2.72299625000000      -0.114695323415560     
   6.04865833333333        3.02532916666667      -0.109160806041265     
   6.04865833333333        3.32766208333333      -0.103423899567883     
   6.04865833333333        3.62999500000000      -9.753276244153683E-002
   6.04865833333333        3.93232791666667      -9.156389894685180E-002
   6.04865833333333        4.23466083333333      -8.564385005595278E-002
   6.04865833333333        4.53699375000000      -7.990404109421716E-002
   6.04865833333333        4.83932666666667      -7.443521104767006E-002
   6.04865833333333        5.14165958333333      -6.929270600154368E-002
   6.04865833333333        5.44399250000000      -6.448820681132768E-002
   6.04865833333333        5.74632541666667      -6.002286845727110E-002
   6.04865833333333        6.04865833333333      -5.581911028272484E-002
   6.04865833333333        6.35099125000000      -5.180431501246763E-002
   6.04865833333333        6.65332416666666      -4.792921772955003E-002
   6.04865833333333        6.95565708333333      -4.415588485735133E-002
   6.04865833333333        7.25799000000000      -4.045305137050566E-002
   6.35099125000000       2.000000000000000E-003 -0.143442588903012     
   6.35099125000000       0.304332916666667      -0.145637121195934     
   6.35099125000000       0.606665833333333      -0.146263006668555     
   6.35099125000000       0.908998750000000      -0.141851306531145     
   6.35099125000000        1.21133166666667      -0.135335473520667     
   6.35099125000000        1.51366458333333      -0.128716862842842     
   6.35099125000000        1.81599750000000      -0.122486716739382     
   6.35099125000000        2.11833041666667      -0.116721250961846     
   6.35099125000000        2.42066333333333      -0.111426855729687     
   6.35099125000000        2.72299625000000      -0.106331771641448     
   6.35099125000000        3.02532916666667      -0.101288067788931     
   6.35099125000000        3.32766208333333      -9.613518338638882E-002
   6.35099125000000        3.62999500000000      -9.083341133275440E-002
   6.35099125000000        3.93232791666667      -8.546527146439241E-002
   6.35099125000000        4.23466083333333      -8.000845435934081E-002
   6.35099125000000        4.53699375000000      -7.462105575484387E-002
   6.35099125000000        4.83932666666667      -6.951413709263851E-002
   6.35099125000000        5.14165958333333      -6.474682614797558E-002
   6.35099125000000        5.44399250000000      -6.039941010914783E-002
   6.35099125000000        5.74632541666667      -5.646447733221531E-002
   6.35099125000000        6.04865833333333      -5.279798180624933E-002
   6.35099125000000        6.35099125000000      -4.928575830461772E-002
   6.35099125000000        6.65332416666666      -4.582742316983720E-002
   6.35099125000000        6.95565708333333      -4.233556453961024E-002
   6.35099125000000        7.25799000000000      -3.877320202160273E-002
   6.65332416666666       2.000000000000000E-003 -0.145931405475920     
   6.65332416666666       0.304332916666667      -0.149525878577567     
   6.65332416666666       0.606665833333333      -0.146199916935839     
   6.65332416666666       0.908998750000000      -0.136933048842122     
   6.65332416666666        1.21133166666667      -0.128148525821399     
   6.65332416666666        1.51366458333333      -0.120687302525227     
   6.65332416666666        1.81599750000000      -0.114077331885067     
   6.65332416666666        2.11833041666667      -0.108209296020353     
   6.65332416666666        2.42066333333333      -0.103122135578080     
   6.65332416666666        2.72299625000000      -9.849317286067209E-002
   6.65332416666666        3.02532916666667      -9.413584332724628E-002
   6.65332416666666        3.32766208333333      -8.953424966053893E-002
   6.65332416666666        3.62999500000000      -8.480382373466780E-002
   6.65332416666666        3.93232791666667      -8.017538466475149E-002
   6.65332416666666        4.23466083333333      -7.517516114910612E-002
   6.65332416666666        4.53699375000000      -6.988343376728377E-002
   6.65332416666666        4.83932666666667      -6.491865197568938E-002
   6.65332416666666        5.14165958333333      -6.039089006727089E-002
   6.65332416666666        5.44399250000000      -5.642090169961296E-002
   6.65332416666666        5.74632541666667      -5.291789495949138E-002
   6.65332416666666        6.04865833333333      -4.971112763440937E-002
   6.65332416666666        6.35099125000000      -4.664877832347882E-002
   6.65332416666666        6.65332416666666      -4.357924057655309E-002
   6.65332416666666        6.95565708333333      -4.034082041736288E-002
   6.65332416666666        7.25799000000000      -3.687373798199318E-002
   6.95565708333333       2.000000000000000E-003 -0.135402804269763     
   6.95565708333333       0.304332916666667      -0.142428025977218     
   6.95565708333333       0.606665833333333      -0.133874719091629     
   6.95565708333333       0.908998750000000      -0.124297735923111     
   6.95565708333333        1.21133166666667      -0.117459170255561     
   6.95565708333333        1.51366458333333      -0.111359975635835     
   6.95565708333333        1.81599750000000      -0.105450220221374     
   6.95565708333333        2.11833041666667      -0.100006858171044     
   6.95565708333333        2.42066333333333      -9.540643130942356E-002
   6.95565708333333        2.72299625000000      -9.157182299053078E-002
   6.95565708333333        3.02532916666667      -8.815701896975438E-002
   6.95565708333333        3.32766208333333      -8.432129093894543E-002
   6.95565708333333        3.62999500000000      -8.019887940762790E-002
   6.95565708333333        3.93232791666667      -7.613613153829979E-002
   6.95565708333333        4.23466083333333      -7.125461575298937E-002
   6.95565708333333        4.53699375000000      -6.577462735662709E-002
   6.95565708333333        4.83932666666667      -6.066622697289516E-002
   6.95565708333333        5.14165958333333      -5.627108721919855E-002
   6.95565708333333        5.44399250000000      -5.256806523048281E-002
   6.95565708333333        5.74632541666667      -4.938448936972517E-002
   6.95565708333333        6.04865833333333      -4.650961077001556E-002
   6.95565708333333        6.35099125000000      -4.376257095277238E-002
   6.95565708333333        6.65332416666666      -4.096765502205261E-002
   6.95565708333333        6.95565708333333      -3.784774292081709E-002
   6.95565708333333        7.25799000000000      -3.431965093907106E-002
   7.25799000000000       2.000000000000000E-003 -0.122744572235138     
   7.25799000000000       0.304332916666667      -0.124962640563658     
   7.25799000000000       0.606665833333333      -0.117610790569280     
   7.25799000000000       0.908998750000000      -0.111952750949051     
   7.25799000000000        1.21133166666667      -0.107583083715280     
   7.25799000000000        1.51366458333333      -0.102761763006267     
   7.25799000000000        1.81599750000000      -9.756449787679251E-002
   7.25799000000000        2.11833041666667      -9.260591691376717E-002
   7.25799000000000        2.42066333333333      -8.851915415561593E-002
   7.25799000000000        2.72299625000000      -8.542245875282191E-002
   7.25799000000000        3.02532916666667      -8.297367970475711E-002
   7.25799000000000        3.32766208333333      -8.006705326332722E-002
   7.25799000000000        3.62999500000000      -7.673933266703925E-002
   7.25799000000000        3.93232791666667      -7.216418968896982E-002
   7.25799000000000        4.23466083333333      -6.725515271770387E-002
   7.25799000000000        4.53699375000000      -6.169712967936401E-002
   7.25799000000000        4.83932666666667      -5.657585217793318E-002
   7.25799000000000        5.14165958333333      -5.230353844625783E-002
   7.25799000000000        5.44399250000000      -4.882712802305490E-002
   7.25799000000000        5.74632541666667      -4.586617495110435E-002
   7.25799000000000        6.04865833333333      -4.319194943719770E-002
   7.25799000000000        6.35099125000000      -4.060441048877339E-002
   7.25799000000000        6.65332416666666      -3.792366650305364E-002
   7.25799000000000        6.95565708333333      -3.481922495424856E-002
   7.25799000000000        7.25799000000000      -3.133364023687828E-002
