  2.000000000000000E-003  2.000000000000000E-003 -0.132232428648019     
  2.000000000000000E-003  0.304332916666667      -0.142739478014827     
  2.000000000000000E-003  0.606665833333333      -0.148140520074814     
  2.000000000000000E-003  0.908998750000000      -0.149790633982422     
  2.000000000000000E-003   1.21133166666667      -0.150892327700783     
  2.000000000000000E-003   1.51366458333333      -0.152527286299589     
  2.000000000000000E-003   1.81599750000000      -0.155370807523007     
  2.000000000000000E-003   2.11833041666667      -0.159971307485292     
  2.000000000000000E-003   2.42066333333333      -0.166958027072009     
  2.000000000000000E-003   2.72299625000000      -0.176453833238320     
  2.000000000000000E-003   3.02532916666667      -0.186795417546165     
  2.000000000000000E-003   3.32766208333333      -0.193313687053817     
  2.000000000000000E-003   3.62999500000000      -0.194149521543845     
  2.000000000000000E-003   3.93232791666667      -0.193313909417292     
  2.000000000000000E-003   4.23466083333333      -0.186795945898586     
  2.000000000000000E-003   4.53699375000000      -0.176454320743822     
  2.000000000000000E-003   4.83932666666667      -0.166958300180025     
  2.000000000000000E-003   5.14165958333333      -0.159971378622380     
  2.000000000000000E-003   5.44399250000000      -0.155370678389894     
  2.000000000000000E-003   5.74632541666667      -0.152526985701301     
  2.000000000000000E-003   6.04865833333333      -0.150891851281871     
  2.000000000000000E-003   6.35099125000000      -0.149789970230984     
  2.000000000000000E-003   6.65332416666666      -0.148139713547045     
  2.000000000000000E-003   6.95565708333333      -0.142738782923841     
  2.000000000000000E-003   7.25799000000000      -0.132231627502453     
  0.304332916666667       2.000000000000000E-003 -0.142701610619100     
  0.304332916666667       0.304332916666667      -0.155293580322788     
  0.304332916666667       0.606665833333333      -0.160583069103667     
  0.304332916666667       0.908998750000000      -0.161725872686617     
  0.304332916666667        1.21133166666667      -0.162932380968873     
  0.304332916666667        1.51366458333333      -0.165220088437871     
  0.304332916666667        1.81599750000000      -0.168926331145604     
  0.304332916666667        2.11833041666667      -0.174333873249916     
  0.304332916666667        2.42066333333333      -0.181539242778337     
  0.304332916666667        2.72299625000000      -0.190085631650999     
  0.304332916666667        3.02532916666667      -0.198169463952117     
  0.304332916666667        3.32766208333333      -0.202485942356313     
  0.304332916666667        3.62999500000000      -0.203250699881429     
  0.304332916666667        3.93232791666667      -0.202486238409144     
  0.304332916666667        4.23466083333333      -0.198169931524626     
  0.304332916666667        4.53699375000000      -0.190086055155479     
  0.304332916666667        4.83932666666667      -0.181539458314899     
  0.304332916666667        5.14165958333333      -0.174333912520179     
  0.304332916666667        5.44399250000000      -0.168926187145073     
  0.304332916666667        5.74632541666667      -0.165219777906992     
  0.304332916666667        6.04865833333333      -0.162931890447398     
  0.304332916666667        6.35099125000000      -0.161725195208255     
  0.304332916666667        6.65332416666666      -0.160582290937590     
  0.304332916666667        6.95565708333333      -0.155293033359280     
  0.304332916666667        7.25799000000000      -0.142701006992119     
  0.606665833333333       2.000000000000000E-003 -0.148081238427747     
  0.606665833333333       0.304332916666667      -0.160547716285205     
  0.606665833333333       0.606665833333333      -0.168773646394999     
  0.606665833333333       0.908998750000000      -0.172114050525665     
  0.606665833333333        1.21133166666667      -0.174713700040855     
  0.606665833333333        1.51366458333333      -0.178386403592772     
  0.606665833333333        1.81599750000000      -0.183518748552980     
  0.606665833333333        2.11833041666667      -0.190207514667738     
  0.606665833333333        2.42066333333333      -0.198203000247252     
  0.606665833333333        2.72299625000000      -0.206424110192564     
  0.606665833333333        3.02532916666667      -0.213341654754490     
  0.606665833333333        3.32766208333333      -0.216701256418896     
  0.606665833333333        3.62999500000000      -0.217225281866842     
  0.606665833333333        3.93232791666667      -0.216701467605800     
  0.606665833333333        4.23466083333333      -0.213341980667005     
  0.606665833333333        4.53699375000000      -0.206424398809682     
  0.606665833333333        4.83932666666667      -0.198203140511795     
  0.606665833333333        5.14165958333333      -0.190207508978073     
  0.606665833333333        5.44399250000000      -0.183518598275923     
  0.606665833333333        5.74632541666667      -0.178386102633601     
  0.606665833333333        6.04865833333333      -0.174713258139669     
  0.606665833333333        6.35099125000000      -0.172113503157917     
  0.606665833333333        6.65332416666666      -0.168773104222341     
  0.606665833333333        6.95565708333333      -0.160547380558428     
  0.606665833333333        7.25799000000000      -0.148080815963358     
  0.908998750000000       2.000000000000000E-003 -0.149726332364604     
  0.908998750000000       0.304332916666667      -0.161675240640951     
  0.908998750000000       0.606665833333333      -0.172089850632807     
  0.908998750000000       0.908998750000000      -0.179235996096748     
  0.908998750000000        1.21133166666667      -0.185139044860152     
  0.908998750000000        1.51366458333333      -0.191491558593623     
  0.908998750000000        1.81599750000000      -0.198942646657032     
  0.908998750000000        2.11833041666667      -0.207663033021275     
  0.908998750000000        2.42066333333333      -0.217144028216261     
  0.908998750000000        2.72299625000000      -0.226435522624292     
  0.908998750000000        3.02532916666667      -0.234342635724385     
  0.908998750000000        3.32766208333333      -0.239204775318454     
  0.908998750000000        3.62999500000000      -0.240702757455654     
  0.908998750000000        3.93232791666667      -0.239204909682967     
  0.908998750000000        4.23466083333333      -0.234342841718676     
  0.908998750000000        4.53699375000000      -0.226435692960669     
  0.908998750000000        4.83932666666667      -0.217144107554691     
  0.908998750000000        5.14165958333333      -0.207663005663069     
  0.908998750000000        5.44399250000000      -0.198942511082524     
  0.908998750000000        5.74632541666667      -0.191491318314097     
  0.908998750000000        6.04865833333333      -0.185138710360964     
  0.908998750000000        6.35099125000000      -0.179235622184147     
  0.908998750000000        6.65332416666666      -0.172089543435327     
  0.908998750000000        6.95565708333333      -0.161675018485308     
  0.908998750000000        7.25799000000000      -0.149726036180160     
   1.21133166666667       2.000000000000000E-003 -0.150831332769400     
   1.21133166666667       0.304332916666667      -0.162878689074155     
   1.21133166666667       0.606665833333333      -0.174677567089361     
   1.21133166666667       0.908998750000000      -0.185122526105812     
   1.21133166666667        1.21133166666667      -0.194755318376103     
   1.21133166666667        1.51366458333333      -0.204522903146094     
   1.21133166666667        1.81599750000000      -0.214961064426923     
   1.21133166666667        2.11833041666667      -0.226219797090732     
   1.21133166666667        2.42066333333333      -0.237720069931905     
   1.21133166666667        2.72299625000000      -0.248559735875639     
   1.21133166666667        3.02532916666667      -0.257696017054865     
   1.21133166666667        3.32766208333333      -0.263953361341693     
   1.21133166666667        3.62999500000000      -0.266163520916094     
   1.21133166666667        3.93232791666667      -0.263953447590711     
   1.21133166666667        4.23466083333333      -0.257696129048699     
   1.21133166666667        4.53699375000000      -0.248559812034196     
   1.21133166666667        4.83932666666667      -0.237720090659199     
   1.21133166666667        5.14165958333333      -0.226219746951765     
   1.21133166666667        5.44399250000000      -0.214960950380582     
   1.21133166666667        5.74632541666667      -0.204522734570756     
   1.21133166666667        6.04865833333333      -0.194755113179066     
   1.21133166666667        6.35099125000000      -0.185122313579765     
   1.21133166666667        6.65332416666666      -0.174677392523073     
   1.21133166666667        6.95565708333333      -0.162878536039760     
   1.21133166666667        7.25799000000000      -0.150831136366400     
   1.51366458333333       2.000000000000000E-003 -0.152475421516443     
   1.51366458333333       0.304332916666667      -0.165171359166575     
   1.51366458333333       0.606665833333333      -0.178347810109986     
   1.51366458333333       0.908998750000000      -0.191466490406871     
   1.51366458333333        1.21133166666667      -0.204511396872649     
   1.51366458333333        1.51366458333333      -0.217731807179713     
   1.51366458333333        1.81599750000000      -0.231346131005704     
   1.51366458333333        2.11833041666667      -0.245254290460365     
   1.51366458333333        2.42066333333333      -0.258863141778866     
   1.51366458333333        2.72299625000000      -0.271314675136181     
   1.51366458333333        3.02532916666667      -0.281528548975803     
   1.51366458333333        3.32766208333333      -0.288324803092012     
   1.51366458333333        3.62999500000000      -0.290721475884859     
   1.51366458333333        3.93232791666667      -0.288324828302829     
   1.51366458333333        4.23466083333333      -0.281528582645511     
   1.51366458333333        4.53699375000000      -0.271314685082710     
   1.51366458333333        4.83932666666667      -0.258863124417059     
   1.51366458333333        5.14165958333333      -0.245254231290571     
   1.51366458333333        5.44399250000000      -0.231346040506007     
   1.51366458333333        5.74632541666667      -0.217731701749956     
   1.51366458333333        6.04865833333333      -0.204511295022604     
   1.51366458333333        6.35099125000000      -0.191466402437620     
   1.51366458333333        6.65332416666666      -0.178347731356057     
   1.51366458333333        6.95565708333333      -0.165171276178010     
   1.51366458333333        7.25799000000000      -0.152475310852385     
   1.81599750000000       2.000000000000000E-003 -0.155330981823608     
   1.81599750000000       0.304332916666667      -0.168887045538862     
   1.81599750000000       0.606665833333333      -0.183483890603006     
   1.81599750000000       0.908998750000000      -0.198915295439488     
   1.81599750000000        1.21133166666667      -0.214943017758073     
   1.81599750000000        1.51366458333333      -0.231337567222789     
   1.81599750000000        1.81599750000000      -0.247849001991105     
   1.81599750000000        2.11833041666667      -0.264082261464347     
   1.81599750000000        2.42066333333333      -0.279473113449169     
   1.81599750000000        2.72299625000000      -0.293249085157256     
   1.81599750000000        3.02532916666667      -0.304381479967400     
   1.81599750000000        3.32766208333333      -0.311710275062623     
   1.81599750000000        3.62999500000000      -0.314278306958796     
   1.81599750000000        3.93232791666667      -0.311710266092067     
   1.81599750000000        4.23466083333333      -0.304381458997669     
   1.81599750000000        4.53699375000000      -0.293249038599681     
   1.81599750000000        4.83932666666667      -0.279473044463789     
   1.81599750000000        5.14165958333333      -0.264082188646483     
   1.81599750000000        5.44399250000000      -0.247848926549245     
   1.81599750000000        5.74632541666667      -0.231337504260098     
   1.81599750000000        6.04865833333333      -0.214942985819237     
   1.81599750000000        6.35099125000000      -0.198915289012642     
   1.81599750000000        6.65332416666666      -0.183483891971540     
   1.81599750000000        6.95565708333333      -0.168887034104564     
   1.81599750000000        7.25799000000000      -0.155330952180303     
   2.11833041666667       2.000000000000000E-003 -0.159944738142727     
   2.11833041666667       0.304332916666667      -0.174306524460755     
   2.11833041666667       0.606665833333333      -0.190179909160750     
   2.11833041666667       0.908998750000000      -0.207637376807004     
   2.11833041666667        1.21133166666667      -0.226198617295536     
   2.11833041666667        1.51366458333333      -0.245239491247822     
   2.11833041666667        1.81599750000000      -0.264074851950618     
   2.11833041666667        2.11833041666667      -0.282088601099189     
   2.11833041666667        2.42066333333333      -0.298735459653803     
   2.11833041666667        2.72299625000000      -0.313366446114979     
   2.11833041666667        3.02532916666667      -0.325066662451472     
   2.11833041666667        3.32766208333333      -0.332730540792311     
   2.11833041666667        3.62999500000000      -0.335410714776190     
   2.11833041666667        3.93232791666667      -0.332730513032536     
   2.11833041666667        4.23466083333333      -0.325066590709518     
   2.11833041666667        4.53699375000000      -0.313366346030061     
   2.11833041666667        4.83932666666667      -0.298735328404489     
   2.11833041666667        5.14165958333333      -0.282088484050062     
   2.11833041666667        5.44399250000000      -0.264074761527656     
   2.11833041666667        5.74632541666667      -0.245239444882691     
   2.11833041666667        6.04865833333333      -0.226198623380932     
   2.11833041666667        6.35099125000000      -0.207637420279279     
   2.11833041666667        6.65332416666666      -0.190179967848958     
   2.11833041666667        6.95565708333333      -0.174306579912043     
   2.11833041666667        7.25799000000000      -0.159944779065878     
   2.42066333333333       2.000000000000000E-003 -0.166947589573035     
   2.42066333333333       0.304332916666667      -0.181527081047989     
   2.42066333333333       0.606665833333333      -0.198184483600318     
   2.42066333333333       0.908998750000000      -0.217121123437040     
   2.42066333333333        1.21133166666667      -0.237697034989175     
   2.42066333333333        1.51366458333333      -0.258843710501912     
   2.42066333333333        1.81599750000000      -0.279459677555287     
   2.42066333333333        2.11833041666667      -0.298728934589230     
   2.42066333333333        2.42066333333333      -0.316134351278366     
   2.42066333333333        2.72299625000000      -0.331180555418050     
   2.42066333333333        3.02532916666667      -0.343107163392928     
   2.42066333333333        3.32766208333333      -0.350894049980912     
   2.42066333333333        3.62999500000000      -0.353615327677369     
   2.42066333333333        3.93232791666667      -0.350893988940885     
   2.42066333333333        4.23466083333333      -0.343107045150453     
   2.42066333333333        4.53699375000000      -0.331180379091206     
   2.42066333333333        4.83932666666667      -0.316134164762531     
   2.42066333333333        5.14165958333333      -0.298728754584097     
   2.42066333333333        5.44399250000000      -0.279459563975574     
   2.42066333333333        5.74632541666667      -0.258843670073862     
   2.42066333333333        6.04865833333333      -0.237697061674680     
   2.42066333333333        6.35099125000000      -0.217121207964935     
   2.42066333333333        6.65332416666666      -0.198184583531317     
   2.42066333333333        6.95565708333333      -0.181527179305653     
   2.42066333333333        7.25799000000000      -0.166947678558202     
   2.72299625000000       2.000000000000000E-003 -0.176458643033359     
   2.72299625000000       0.304332916666667      -0.190089411901830     
   2.72299625000000       0.606665833333333      -0.206415527371567     
   2.72299625000000       0.908998750000000      -0.226415412986349     
   2.72299625000000        1.21133166666667      -0.248535298925964     
   2.72299625000000        1.51366458333333      -0.271291817467136     
   2.72299625000000        1.81599750000000      -0.293231145511624     
   2.72299625000000        2.11833041666667      -0.313354867901948     
   2.72299625000000        2.42066333333333      -0.331175291696846     
   2.72299625000000        2.72299625000000      -0.346353064256706     
   2.72299625000000        3.02532916666667      -0.358291492169812     
   2.72299625000000        3.32766208333333      -0.366067738077253     
   2.72299625000000        3.62999500000000      -0.368784906648442     
   2.72299625000000        3.93232791666667      -0.366067645385978     
   2.72299625000000        4.23466083333333      -0.358291315783520     
   2.72299625000000        4.53699375000000      -0.346352822429388     
   2.72299625000000        4.83932666666667      -0.331175029161226     
   2.72299625000000        5.14165958333333      -0.313354644131148     
   2.72299625000000        5.44399250000000      -0.293230988309953     
   2.72299625000000        5.74632541666667      -0.271291749911292     
   2.72299625000000        6.04865833333333      -0.248535328572165     
   2.72299625000000        6.35099125000000      -0.226415518879206     
   2.72299625000000        6.65332416666666      -0.206415663159175     
   2.72299625000000        6.95565708333333      -0.190089513012972     
   2.72299625000000        7.25799000000000      -0.176458740960911     
   3.02532916666667       2.000000000000000E-003 -0.186802139154825     
   3.02532916666667       0.304332916666667      -0.198177416530585     
   3.02532916666667       0.606665833333333      -0.213334512961135     
   3.02532916666667       0.908998750000000      -0.234322415629317     
   3.02532916666667        1.21133166666667      -0.257669795543344     
   3.02532916666667        1.51366458333333      -0.281503122132445     
   3.02532916666667        1.81599750000000      -0.304360489339551     
   3.02532916666667        2.11833041666667      -0.325051671378977     
   3.02532916666667        2.42066333333333      -0.343098254306452     
   3.02532916666667        2.72299625000000      -0.358287747213252     
   3.02532916666667        3.02532916666667      -0.370163316880651     
   3.02532916666667        3.32766208333333      -0.377887348636861     
   3.02532916666667        3.62999500000000      -0.380587140977064     
   3.02532916666667        3.93232791666667      -0.377887230422168     
   3.02532916666667        4.23466083333333      -0.370163085871617     
   3.02532916666667        4.53699375000000      -0.358287443265136     
   3.02532916666667        4.83932666666667      -0.343097924485998     
   3.02532916666667        5.14165958333333      -0.325051382335754     
   3.02532916666667        5.44399250000000      -0.304360282203434     
   3.02532916666667        5.74632541666667      -0.281503027470073     
   3.02532916666667        6.04865833333333      -0.257669813455804     
   3.02532916666667        6.35099125000000      -0.234322532266120     
   3.02532916666667        6.65332416666666      -0.213334634280205     
   3.02532916666667        6.95565708333333      -0.198177425091407     
   3.02532916666667        7.25799000000000      -0.186802156133029     
   3.32766208333333       2.000000000000000E-003 -0.193291076521181     
   3.32766208333333       0.304332916666667      -0.202468712007587     
   3.32766208333333       0.606665833333333      -0.216680765035946     
   3.32766208333333       0.908998750000000      -0.239179217129223     
   3.32766208333333        1.21133166666667      -0.263924722891692     
   3.32766208333333        1.51366458333333      -0.288297562367095     
   3.32766208333333        1.81599750000000      -0.311687514833262     
   3.32766208333333        2.11833041666667      -0.332713641578248     
   3.32766208333333        2.42066333333333      -0.350883076627571     
   3.32766208333333        2.72299625000000      -0.366061825621675     
   3.32766208333333        3.02532916666667      -0.377885142345224     
   3.32766208333333        3.32766208333333      -0.385571299353831     
   3.32766208333333        3.62999500000000      -0.388259540722228     
   3.32766208333333        3.93232791666667      -0.385571184571230     
   3.32766208333333        4.23466083333333      -0.377884892660728     
   3.32766208333333        4.53699375000000      -0.366061489214311     
   3.32766208333333        4.83932666666667      -0.350882709710796     
   3.32766208333333        5.14165958333333      -0.332713321962966     
   3.32766208333333        5.44399250000000      -0.311687274887135     
   3.32766208333333        5.74632541666667      -0.288297441444423     
   3.32766208333333        6.04865833333333      -0.263924681896416     
   3.32766208333333        6.35099125000000      -0.239179305470379     
   3.32766208333333        6.65332416666666      -0.216680811673085     
   3.32766208333333        6.95565708333333      -0.202468522678406     
   3.32766208333333        7.25799000000000      -0.193290959238219     
   3.62999500000000       2.000000000000000E-003 -0.194093557975929     
   3.62999500000000       0.304332916666667      -0.203201962577847     
   3.62999500000000       0.606665833333333      -0.217192728357041     
   3.62999500000000       0.908998750000000      -0.240673298054154     
   3.62999500000000        1.21133166666667      -0.266133536616003     
   3.62999500000000        1.51366458333333      -0.290693523930099     
   3.62999500000000        1.81599750000000      -0.314254955457920     
   3.62999500000000        2.11833041666667      -0.335393204996297     
   3.62999500000000        2.42066333333333      -0.353603693787821     
   3.62999500000000        2.72299625000000      -0.368778293422391     
   3.62999500000000        3.02532916666667      -0.380584214606994     
   3.62999500000000        3.32766208333333      -0.388258816493632     
   3.62999500000000        3.62999500000000      -0.390943918384897     
   3.62999500000000        3.93232791666667      -0.388258675854431     
   3.62999500000000        4.23466083333333      -0.380583975332605     
   3.62999500000000        4.53699375000000      -0.368777962591932     
   3.62999500000000        4.83932666666667      -0.353603329149835     
   3.62999500000000        5.14165958333333      -0.335392872095624     
   3.62999500000000        5.44399250000000      -0.314254699429800     
   3.62999500000000        5.74632541666667      -0.290693378807993     
   3.62999500000000        6.04865833333333      -0.266133477382442     
   3.62999500000000        6.35099125000000      -0.240673309554891     
   3.62999500000000        6.65332416666666      -0.217192641204601     
   3.62999500000000        6.95565708333333      -0.203201491472671     
   3.62999500000000        7.25799000000000      -0.194093552666219     
   3.93232791666667       2.000000000000000E-003 -0.193291276980669     
   3.93232791666667       0.304332916666667      -0.202468879499764     
   3.93232791666667       0.606665833333333      -0.216680862720333     
   3.93232791666667       0.908998750000000      -0.239179282421693     
   3.93232791666667        1.21133166666667      -0.263924767573190     
   3.93232791666667        1.51366458333333      -0.288297557767250     
   3.93232791666667        1.81599750000000      -0.311687485125204     
   3.93232791666667        2.11833041666667      -0.332713601751015     
   3.93232791666667        2.42066333333333      -0.350883011385704     
   3.93232791666667        2.72299625000000      -0.366061735047511     
   3.93232791666667        3.02532916666667      -0.377885031002881     
   3.93232791666667        3.32766208333333      -0.385571194671536     
   3.93232791666667        3.62999500000000      -0.388259411556810     
   3.93232791666667        3.93232791666667      -0.385571070499052     
   3.93232791666667        4.23466083333333      -0.377884799785499     
   3.93232791666667        4.53699375000000      -0.366061442857847     
   3.93232791666667        4.83932666666667      -0.350882682815271     
   3.93232791666667        5.14165958333333      -0.332713305213730     
   3.93232791666667        5.44399250000000      -0.311687261430495     
   3.93232791666667        5.74632541666667      -0.288297418839638     
   3.93232791666667        6.04865833333333      -0.263924634372342     
   3.93232791666667        6.35099125000000      -0.239179177189828     
   3.93232791666667        6.65332416666666      -0.216680579910624     
   3.93232791666667        6.95565708333333      -0.202468282513957     
   3.93232791666667        7.25799000000000      -0.193290892763927     
   4.23466083333333       2.000000000000000E-003 -0.186802639152589     
   4.23466083333333       0.304332916666667      -0.198177766350226     
   4.23466083333333       0.606665833333333      -0.213334712828614     
   4.23466083333333       0.908998750000000      -0.234322530480763     
   4.23466083333333        1.21133166666667      -0.257669842303093     
   4.23466083333333        1.51366458333333      -0.281503107218426     
   4.23466083333333        1.81599750000000      -0.304360435734637     
   4.23466083333333        2.11833041666667      -0.325051583202131     
   4.23466083333333        2.42066333333333      -0.343098134381405     
   4.23466083333333        2.72299625000000      -0.358287581206119     
   4.23466083333333        3.02532916666667      -0.370163105482160     
   4.23466083333333        3.32766208333333      -0.377887125124196     
   4.23466083333333        3.62999500000000      -0.380586931281676     
   4.23466083333333        3.93232791666667      -0.377887027298020     
   4.23466083333333        4.23466083333333      -0.370162946449473     
   4.23466083333333        4.53699375000000      -0.358287360846367     
   4.23466083333333        4.83932666666667      -0.343097880708398     
   4.23466083333333        5.14165958333333      -0.325051358902630     
   4.23466083333333        5.44399250000000      -0.304360262160520     
   4.23466083333333        5.74632541666667      -0.281502995552639     
   4.23466083333333        6.04865833333333      -0.257669738783827     
   4.23466083333333        6.35099125000000      -0.234322373269515     
   4.23466083333333        6.65332416666666      -0.213334386423603     
   4.23466083333333        6.95565708333333      -0.198177231992599     
   4.23466083333333        7.25799000000000      -0.186802201426066     
   4.53699375000000       2.000000000000000E-003 -0.176459071277922     
   4.53699375000000       0.304332916666667      -0.190089744373358     
   4.53699375000000       0.606665833333333      -0.206415717871823     
   4.53699375000000       0.908998750000000      -0.226415498700123     
   4.53699375000000        1.21133166666667      -0.248535306776505     
   4.53699375000000        1.51366458333333      -0.271291777189227     
   4.53699375000000        1.81599750000000      -0.293231069547544     
   4.53699375000000        2.11833041666667      -0.313354760243330     
   4.53699375000000        2.42066333333333      -0.331175127706680     
   4.53699375000000        2.72299625000000      -0.346352850941468     
   4.53699375000000        3.02532916666667      -0.358291229206038     
   4.53699375000000        3.32766208333333      -0.366067452095815     
   4.53699375000000        3.62999500000000      -0.368784632276351     
   4.53699375000000        3.93232791666667      -0.366067410045987     
   4.53699375000000        4.23466083333333      -0.358291143677950     
   4.53699375000000        4.53699375000000      -0.346352710321611     
   4.53699375000000        4.83932666666667      -0.331174979877739     
   4.53699375000000        5.14165958333333      -0.313354619963601     
   4.53699375000000        5.44399250000000      -0.293230971039865     
   4.53699375000000        5.74632541666667      -0.271291718047092     
   4.53699375000000        6.04865833333333      -0.248535247944210     
   4.53699375000000        6.35099125000000      -0.226415383223555     
   4.53699375000000        6.65332416666666      -0.206415487520825     
   4.53699375000000        6.95565708333333      -0.190089399538967     
   4.53699375000000        7.25799000000000      -0.176458777833812     
   4.83932666666667       2.000000000000000E-003 -0.166947774126940     
   4.83932666666667       0.304332916666667      -0.181527209515481     
   4.83932666666667       0.606665833333333      -0.198184540201473     
   4.83932666666667       0.908998750000000      -0.217121129700632     
   4.83932666666667        1.21133166666667      -0.237696999536080     
   4.83932666666667        1.51366458333333      -0.258843659047808     
   4.83932666666667        1.81599750000000      -0.279459599974490     
   4.83932666666667        2.11833041666667      -0.298728820326527     
   4.83932666666667        2.42066333333333      -0.316134204019305     
   4.83932666666667        2.72299625000000      -0.331180349320702     
   4.83932666666667        3.02532916666667      -0.343106902785505     
   4.83932666666667        3.32766208333333      -0.350893762516799     
   4.83932666666667        3.62999500000000      -0.353615050838766     
   4.83932666666667        3.93232791666667      -0.350893752334669     
   4.83932666666667        4.23466083333333      -0.343106878971905     
   4.83932666666667        4.53699375000000      -0.331180301442902     
   4.83932666666667        4.83932666666667      -0.316134142331328     
   4.83932666666667        5.14165958333333      -0.298728766478644     
   4.83932666666667        5.44399250000000      -0.279459586899233     
   4.83932666666667        5.74632541666667      -0.258843660043049     
   4.83932666666667        6.04865833333333      -0.237696998803851     
   4.83932666666667        6.35099125000000      -0.217121095024088     
   4.83932666666667        6.65332416666666      -0.198184447993589     
   4.83932666666667        6.95565708333333      -0.181527079716220     
   4.83932666666667        7.25799000000000      -0.166947670699290     
   5.14165958333333       2.000000000000000E-003 -0.159944692245630     
   5.14165958333333       0.304332916666667      -0.174306460463267     
   5.14165958333333       0.606665833333333      -0.190179812397499     
   5.14165958333333       0.908998750000000      -0.207637281788511     
   5.14165958333333        1.21133166666667      -0.226198531138682     
   5.14165958333333        1.51366458333333      -0.245239429591240     
   5.14165958333333        1.81599750000000      -0.264074808337861     
   5.14165958333333        2.11833041666667      -0.282088540653019     
   5.14165958333333        2.42066333333333      -0.298735356957539     
   5.14165958333333        2.72299625000000      -0.313366312910299     
   5.14165958333333        3.02532916666667      -0.325066471854494     
   5.14165958333333        3.32766208333333      -0.332730326230532     
   5.14165958333333        3.62999500000000      -0.335410495381567     
   5.14165958333333        3.93232791666667      -0.332730339333125     
   5.14165958333333        4.23466083333333      -0.325066493676093     
   5.14165958333333        4.53699375000000      -0.313366325318768     
   5.14165958333333        4.83932666666667      -0.298735370081321     
   5.14165958333333        5.14165958333333      -0.282088566198248     
   5.14165958333333        5.44399250000000      -0.264074841202727     
   5.14165958333333        5.74632541666667      -0.245239470057171     
   5.14165958333333        6.04865833333333      -0.226198569943169     
   5.14165958333333        6.35099125000000      -0.207637305030268     
   5.14165958333333        6.65332416666666      -0.190179825186556     
   5.14165958333333        6.95565708333333      -0.174306479788606     
   5.14165958333333        7.25799000000000      -0.159944742112004     
   5.44399250000000       2.000000000000000E-003 -0.155330723921370     
   5.44399250000000       0.304332916666667      -0.168886787743012     
   5.44399250000000       0.606665833333333      -0.183483642350942     
   5.44399250000000       0.908998750000000      -0.198915093606515     
   5.44399250000000        1.21133166666667      -0.214942889225817     
   5.44399250000000        1.51366458333333      -0.231337518754635     
   5.44399250000000        1.81599750000000      -0.247849009317470     
   5.44399250000000        2.11833041666667      -0.264082280196564     
   5.44399250000000        2.42066333333333      -0.279473123125228     
   5.44399250000000        2.72299625000000      -0.293249053896290     
   5.44399250000000        3.02532916666667      -0.304381393726412     
   5.44399250000000        3.32766208333333      -0.311710151033974     
   5.44399250000000        3.62999500000000      -0.314278170926516     
   5.44399250000000        3.93232791666667      -0.311710178019714     
   5.44399250000000        4.23466083333333      -0.304381440512003     
   5.44399250000000        4.53699375000000      -0.293249105663270     
   5.44399250000000        4.83932666666667      -0.279473189039733     
   5.44399250000000        5.14165958333333      -0.264082350650625     
   5.44399250000000        5.44399250000000      -0.247849065626239     
   5.44399250000000        5.74632541666667      -0.231337574058338     
   5.44399250000000        6.04865833333333      -0.214942935507091     
   5.44399250000000        6.35099125000000      -0.198915148945531     
   5.44399250000000        6.65332416666666      -0.183483723647502     
   5.44399250000000        6.95565708333333      -0.168886908350501     
   5.44399250000000        7.25799000000000      -0.155330891615042     
   5.74632541666667       2.000000000000000E-003 -0.152475021463487     
   5.74632541666667       0.304332916666667      -0.165170961940249     
   5.74632541666667       0.606665833333333      -0.178347443169008     
   5.74632541666667       0.908998750000000      -0.191466231665163     
   5.74632541666667        1.21133166666667      -0.204511271981050     
   5.74632541666667        1.51366458333333      -0.217731808614501     
   5.74632541666667        1.81599750000000      -0.231346221530592     
   5.74632541666667        2.11833041666667      -0.245254417559864     
   5.74632541666667        2.42066333333333      -0.258863276486773     
   5.74632541666667        2.72299625000000      -0.271314767348029     
   5.74632541666667        3.02532916666667      -0.281528584120985     
   5.74632541666667        3.32766208333333      -0.288324780674512     
   5.74632541666667        3.62999500000000      -0.290721419746672     
   5.74632541666667        3.93232791666667      -0.288324803447139     
   5.74632541666667        4.23466083333333      -0.281528630712384     
   5.74632541666667        4.53699375000000      -0.271314825663483     
   5.74632541666667        4.83932666666667      -0.258863342732180     
   5.74632541666667        5.14165958333333      -0.245254480711493     
   5.74632541666667        5.44399250000000      -0.231346270392708     
   5.74632541666667        5.74632541666667      -0.217731839665471     
   5.74632541666667        6.04865833333333      -0.204511298141389     
   5.74632541666667        6.35099125000000      -0.191466297248610     
   5.74632541666667        6.65332416666666      -0.178347573395907     
   5.74632541666667        6.95565708333333      -0.165171167416278     
   5.74632541666667        7.25799000000000      -0.152475292629694     
   6.04865833333333       2.000000000000000E-003 -0.150830841340306     
   6.04865833333333       0.304332916666667      -0.162878197775159     
   6.04865833333333       0.606665833333333      -0.174677175211845     
   6.04865833333333       0.908998750000000      -0.185122315464265     
   6.04865833333333        1.21133166666667      -0.194755295190543     
   6.04865833333333        1.51366458333333      -0.204523022535893     
   6.04865833333333        1.81599750000000      -0.214961279767953     
   6.04865833333333        2.11833041666667      -0.226220053318656     
   6.04865833333333        2.42066333333333      -0.237720331863918     
   6.04865833333333        2.72299625000000      -0.248559962218006     
   6.04865833333333        3.02532916666667      -0.257696158560760     
   6.04865833333333        3.32766208333333      -0.263953351098771     
   6.04865833333333        3.62999500000000      -0.266163446228894     
   6.04865833333333        3.93232791666667      -0.263953346106339     
   6.04865833333333        4.23466083333333      -0.257696159904300     
   6.04865833333333        4.53699375000000      -0.248559974898636     
   6.04865833333333        4.83932666666667      -0.237720360936840     
   6.04865833333333        5.14165958333333      -0.226220075494648     
   6.04865833333333        5.44399250000000      -0.214961281262431     
   6.04865833333333        5.74632541666667      -0.204523005816037     
   6.04865833333333        6.04865833333333      -0.194755291915516     
   6.04865833333333        6.35099125000000      -0.185122374867945     
   6.04865833333333        6.65332416666666      -0.174677346675214     
   6.04865833333333        6.95565708333333      -0.162878496867745     
   6.04865833333333        7.25799000000000      -0.150831222770484     
   6.35099125000000       2.000000000000000E-003 -0.149725782555298     
   6.35099125000000       0.304332916666667      -0.161674730436321     
   6.35099125000000       0.606665833333333      -0.172089621461799     
   6.35099125000000       0.908998750000000      -0.179236045243531     
   6.35099125000000        1.21133166666667      -0.185139255658108     
   6.35099125000000        1.51366458333333      -0.191491856342207     
   6.35099125000000        1.81599750000000      -0.198942998869683     
   6.35099125000000        2.11833041666667      -0.207663413653227     
   6.35099125000000        2.42066333333333      -0.217144423924285     
   6.35099125000000        2.72299625000000      -0.226435888377064     
   6.35099125000000        3.02532916666667      -0.234342887555328     
   6.35099125000000        3.32766208333333      -0.239204814679878     
   6.35099125000000        3.62999500000000      -0.240702605110086     
   6.35099125000000        3.93232791666667      -0.239204716205118     
   6.35099125000000        4.23466083333333      -0.234342785370678     
   6.35099125000000        4.53699375000000      -0.226435827363974     
   6.35099125000000        4.83932666666667      -0.217144394398524     
   6.35099125000000        5.14165958333333      -0.207663390465113     
   6.35099125000000        5.44399250000000      -0.198942958439585     
   6.35099125000000        5.74632541666667      -0.191491806593887     
   6.35099125000000        6.04865833333333      -0.185139225876324     
   6.35099125000000        6.35099125000000      -0.179236083075148     
   6.35099125000000        6.65332416666666      -0.172089830550561     
   6.35099125000000        6.95565708333333      -0.161675149739507     
   6.35099125000000        7.25799000000000      -0.149726310725254     
   6.65332416666666       2.000000000000000E-003 -0.148080644617934     
   6.65332416666666       0.304332916666667      -0.160547369158055     
   6.65332416666666       0.606665833333333      -0.168773916189271     
   6.65332416666666       0.908998750000000      -0.172114622807157     
   6.65332416666666        1.21133166666667      -0.174714245328976     
   6.65332416666666        1.51366458333333      -0.178386875630491     
   6.65332416666666        1.81599750000000      -0.183519203162290     
   6.65332416666666        2.11833041666667      -0.190207992118644     
   6.65332416666666        2.42066333333333      -0.198203510906169     
   6.65332416666666        2.72299625000000      -0.206424646498874     
   6.65332416666666        3.02532916666667      -0.213342064738357     
   6.65332416666666        3.32766208333333      -0.216701328569065     
   6.65332416666666        3.62999500000000      -0.217225004348003     
   6.65332416666666        3.93232791666667      -0.216701105940542     
   6.65332416666666        4.23466083333333      -0.213341835419672     
   6.65332416666666        4.53699375000000      -0.206424504527104     
   6.65332416666666        4.83932666666667      -0.198203423900819     
   6.65332416666666        5.14165958333333      -0.190207922744602     
   6.65332416666666        5.44399250000000      -0.183519128989699     
   6.65332416666666        5.74632541666667      -0.178386804326616     
   6.65332416666666        6.04865833333333      -0.174714207446561     
   6.65332416666666        6.35099125000000      -0.172114668359531     
   6.65332416666666        6.65332416666666      -0.168774130349693     
   6.65332416666666        6.95565708333333      -0.160547920101327     
   6.65332416666666        7.25799000000000      -0.148081335470642     
   6.95565708333333       2.000000000000000E-003 -0.142701086662553     
   6.95565708333333       0.304332916666667      -0.155293741829415     
   6.95565708333333       0.606665833333333      -0.160584033779280     
   6.95565708333333       0.908998750000000      -0.161726852334213     
   6.95565708333333        1.21133166666667      -0.162933099723585     
   6.95565708333333        1.51366458333333      -0.165220614329387     
   6.95565708333333        1.81599750000000      -0.168926798356419     
   6.95565708333333        2.11833041666667      -0.174334388950150     
   6.95565708333333        2.42066333333333      -0.181539860354754     
   6.95565708333333        2.72299625000000      -0.190086349136234     
   6.95565708333333        3.02532916666667      -0.198170105823986     
   6.95565708333333        3.32766208333333      -0.202486178503596     
   6.95565708333333        3.62999500000000      -0.203250369077857     
   6.95565708333333        3.93232791666667      -0.202485926893467     
   6.95565708333333        4.23466083333333      -0.198169875078522     
   6.95565708333333        4.53699375000000      -0.190086208760891     
   6.95565708333333        4.83932666666667      -0.181539754571094     
   6.95565708333333        5.14165958333333      -0.174334309328213     
   6.95565708333333        5.44399250000000      -0.168926712799309     
   6.95565708333333        5.74632541666667      -0.165220550326031     
   6.95565708333333        6.04865833333333      -0.162933089241506     
   6.95565708333333        6.35099125000000      -0.161726940256314     
   6.95565708333333        6.65332416666666      -0.160584297594371     
   6.95565708333333        6.95565708333333      -0.155294389117067     
   6.95565708333333        7.25799000000000      -0.142701873359230     
   7.25799000000000       2.000000000000000E-003 -0.132231715391197     
   7.25799000000000       0.304332916666667      -0.142739267893595     
   7.25799000000000       0.606665833333333      -0.148140976899465     
   7.25799000000000       0.908998750000000      -0.149791205616366     
   7.25799000000000        1.21133166666667      -0.150892789791477     
   7.25799000000000        1.51366458333333      -0.152527654195847     
   7.25799000000000        1.81599750000000      -0.155371180127832     
   7.25799000000000        2.11833041666667      -0.159971785501177     
   7.25799000000000        2.42066333333333      -0.166958690791997     
   7.25799000000000        2.72299625000000      -0.176454705464005     
   7.25799000000000        3.02532916666667      -0.186796367858325     
   7.25799000000000        3.32766208333333      -0.193314424010438     
   7.25799000000000        3.62999500000000      -0.194149970928582     
   7.25799000000000        3.93232791666667      -0.193314288538420     
   7.25799000000000        4.23466083333333      -0.186796297733588     
   7.25799000000000        4.53699375000000      -0.176454649879665     
   7.25799000000000        4.83932666666667      -0.166958624272314     
   7.25799000000000        5.14165958333333      -0.159971717541897     
   7.25799000000000        5.44399250000000      -0.155371096628073     
   7.25799000000000        5.74632541666667      -0.152527600285142     
   7.25799000000000        6.04865833333333      -0.150892813623706     
   7.25799000000000        6.35099125000000      -0.149791389747507     
   7.25799000000000        6.65332416666666      -0.148141388282147     
   7.25799000000000        6.95565708333333      -0.142740024977516     
   7.25799000000000        7.25799000000000      -0.132232569766843     
