  2.000000000000000E-003  2.000000000000000E-003 -0.225527256596222     
  2.000000000000000E-003  0.304332916666667      -0.229377828983809     
  2.000000000000000E-003  0.606665833333333      -0.219259428826866     
  2.000000000000000E-003  0.908998750000000      -0.208643569896016     
  2.000000000000000E-003   1.21133166666667      -0.198438783089154     
  2.000000000000000E-003   1.51366458333333      -0.187247266504503     
  2.000000000000000E-003   1.81599750000000      -0.175545453735240     
  2.000000000000000E-003   2.11833041666667      -0.164369614924609     
  2.000000000000000E-003   2.42066333333333      -0.154690372942161     
  2.000000000000000E-003   2.72299625000000      -0.146814567662481     
  2.000000000000000E-003   3.02532916666667      -0.140223748505977     
  2.000000000000000E-003   3.32766208333333      -0.133026380431345     
  2.000000000000000E-003   3.62999500000000      -0.125391945279777     
  2.000000000000000E-003   3.93232791666667      -0.116752102329948     
  2.000000000000000E-003   4.23466083333333      -0.107956848625517     
  2.000000000000000E-003   4.53699375000000      -9.829047803090112E-002
  2.000000000000000E-003   4.83932666666667      -8.949564276425373E-002
  2.000000000000000E-003   5.14165958333333      -8.232999296305382E-002
  2.000000000000000E-003   5.44399250000000      -7.674376097194352E-002
  2.000000000000000E-003   5.74632541666667      -7.222974309985886E-002
  2.000000000000000E-003   6.04865833333333      -6.841500315009119E-002
  2.000000000000000E-003   6.35099125000000      -6.495687433892672E-002
  2.000000000000000E-003   6.65332416666666      -6.146770814327272E-002
  2.000000000000000E-003   6.95565708333333      -5.713771729044558E-002
  2.000000000000000E-003   7.25799000000000      -5.186162044613842E-002
  0.304332916666667       2.000000000000000E-003 -0.255860938964986     
  0.304332916666667       0.304332916666667      -0.262790329546391     
  0.304332916666667       0.606665833333333      -0.250069873574174     
  0.304332916666667       0.908998750000000      -0.234048327944414     
  0.304332916666667        1.21133166666667      -0.219798031921245     
  0.304332916666667        1.51366458333333      -0.205854215863033     
  0.304332916666667        1.81599750000000      -0.192087997753980     
  0.304332916666667        2.11833041666667      -0.179123646318964     
  0.304332916666667        2.42066333333333      -0.167578770105428     
  0.304332916666667        2.72299625000000      -0.157528005444319     
  0.304332916666667        3.02532916666667      -0.148310073010600     
  0.304332916666667        3.32766208333333      -0.138542318458665     
  0.304332916666667        3.62999500000000      -0.129178112855063     
  0.304332916666667        3.93232791666667      -0.121374715977664     
  0.304332916666667        4.23466083333333      -0.112746712386437     
  0.304332916666667        4.53699375000000      -0.103254664168963     
  0.304332916666667        4.83932666666667      -9.444852950469407E-002
  0.304332916666667        5.14165958333333      -8.707814451197653E-002
  0.304332916666667        5.44399250000000      -8.114025139099007E-002
  0.304332916666667        5.74632541666667      -7.629302703226519E-002
  0.304332916666667        6.04865833333333      -7.220557141612423E-002
  0.304332916666667        6.35099125000000      -6.857752288874243E-002
  0.304332916666667        6.65332416666666      -6.504266882857818E-002
  0.304332916666667        6.95565708333333      -6.075542959261250E-002
  0.304332916666667        7.25799000000000      -5.519524317812761E-002
  0.606665833333333       2.000000000000000E-003 -0.286343038384298     
  0.606665833333333       0.304332916666667      -0.287592612443620     
  0.606665833333333       0.606665833333333      -0.278242441132349     
  0.606665833333333       0.908998750000000      -0.260905218120385     
  0.606665833333333        1.21133166666667      -0.243008565726534     
  0.606665833333333        1.51366458333333      -0.226064067328074     
  0.606665833333333        1.81599750000000      -0.210047110993904     
  0.606665833333333        2.11833041666667      -0.195151364083232     
  0.606665833333333        2.42066333333333      -0.181638834312066     
  0.606665833333333        2.72299625000000      -0.169282926057297     
  0.606665833333333        3.02532916666667      -0.157582259570929     
  0.606665833333333        3.32766208333333      -0.145769203200311     
  0.606665833333333        3.62999500000000      -0.134779443869880     
  0.606665833333333        3.93232791666667      -0.125538383609391     
  0.606665833333333        4.23466083333333      -0.116662715564460     
  0.606665833333333        4.53699375000000      -0.107600464355524     
  0.606665833333333        4.83932666666667      -9.913739825516948E-002
  0.606665833333333        5.14165958333333      -9.166615125413988E-002
  0.606665833333333        5.44399250000000      -8.538451406792000E-002
  0.606665833333333        5.74632541666667      -8.012782647196696E-002
  0.606665833333333        6.04865833333333      -7.564096262324789E-002
  0.606665833333333        6.35099125000000      -7.162983666483025E-002
  0.606665833333333        6.65332416666666      -6.758433720192462E-002
  0.606665833333333        6.95565708333333      -6.272879475816974E-002
  0.606665833333333        7.25799000000000      -5.734223341646003E-002
  0.908998750000000       2.000000000000000E-003 -0.304415305441942     
  0.908998750000000       0.304332916666667      -0.303768215678967     
  0.908998750000000       0.606665833333333      -0.296938126570970     
  0.908998750000000       0.908998750000000      -0.282380237024260     
  0.908998750000000        1.21133166666667      -0.264495464455809     
  0.908998750000000        1.51366458333333      -0.246214222471343     
  0.908998750000000        1.81599750000000      -0.228579531962361     
  0.908998750000000        2.11833041666667      -0.211942703986779     
  0.908998750000000        2.42066333333333      -0.196566383376294     
  0.908998750000000        2.72299625000000      -0.182226731012093     
  0.908998750000000        3.02532916666667      -0.168593059313846     
  0.908998750000000        3.32766208333333      -0.155350035343141     
  0.908998750000000        3.62999500000000      -0.142941907106711     
  0.908998750000000        3.93232791666667      -0.131897035442219     
  0.908998750000000        4.23466083333333      -0.121905184371951     
  0.908998750000000        4.53699375000000      -0.112625655835795     
  0.908998750000000        4.83932666666667      -0.104018121652189     
  0.908998750000000        5.14165958333333      -9.623897451088137E-002
  0.908998750000000        5.44399250000000      -8.947151028653215E-002
  0.908998750000000        5.74632541666667      -8.364633958026585E-002
  0.908998750000000        6.04865833333333      -7.853245598663817E-002
  0.908998750000000        6.35099125000000      -7.382166680653789E-002
  0.908998750000000        6.65332416666666      -6.906154912097077E-002
  0.908998750000000        6.95565708333333      -6.385704275453816E-002
  0.908998750000000        7.25799000000000      -5.857848935658455E-002
   1.21133166666667       2.000000000000000E-003 -0.328038814438335     
   1.21133166666667       0.304332916666667      -0.326080386688263     
   1.21133166666667       0.606665833333333      -0.318669218917086     
   1.21133166666667       0.908998750000000      -0.304815594095019     
   1.21133166666667        1.21133166666667      -0.286765862658701     
   1.21133166666667        1.51366458333333      -0.267256413128606     
   1.21133166666667        1.81599750000000      -0.247899856996490     
   1.21133166666667        2.11833041666667      -0.229382134109819     
   1.21133166666667        2.42066333333333      -0.212078107182881     
   1.21133166666667        2.72299625000000      -0.195804009442824     
   1.21133166666667        3.02532916666667      -0.180343830186542     
   1.21133166666667        3.32766208333333      -0.165647097688530     
   1.21133166666667        3.62999500000000      -0.151905434047146     
   1.21133166666667        3.93232791666667      -0.139459220845066     
   1.21133166666667        4.23466083333333      -0.128351742361463     
   1.21133166666667        4.53699375000000      -0.118296131450000     
   1.21133166666667        4.83932666666667      -0.109118777649928     
   1.21133166666667        5.14165958333333      -0.100819206395711     
   1.21133166666667        5.44399250000000      -9.343478410980328E-002
   1.21133166666667        5.74632541666667      -8.691207863122842E-002
   1.21133166666667        6.04865833333333      -8.106463176542701E-002
   1.21133166666667        6.35099125000000      -7.563461198192074E-002
   1.21133166666667        6.65332416666666      -7.031482063860536E-002
   1.21133166666667        6.95565708333333      -6.493235323194042E-002
   1.21133166666667        7.25799000000000      -5.964936147145977E-002
   1.51366458333333       2.000000000000000E-003 -0.371785436777262     
   1.51366458333333       0.304332916666667      -0.367949847818722     
   1.51366458333333       0.606665833333333      -0.356467976456630     
   1.51366458333333       0.908998750000000      -0.338372448004494     
   1.51366458333333        1.21133166666667      -0.316130351894629     
   1.51366458333333        1.51366458333333      -0.292632438316980     
   1.51366458333333        1.81599750000000      -0.269595770867836     
   1.51366458333333        2.11833041666667      -0.247920268924038     
   1.51366458333333        2.42066333333333      -0.228011179045151     
   1.51366458333333        2.72299625000000      -0.209538001573862     
   1.51366458333333        3.02532916666667      -0.192152801547810     
   1.51366458333333        3.32766208333333      -0.175804293933568     
   1.51366458333333        3.62999500000000      -0.160693970778057     
   1.51366458333333        3.93232791666667      -0.147050314558415     
   1.51366458333333        4.23466083333333      -0.134898632111699     
   1.51366458333333        4.53699375000000      -0.124043613489149     
   1.51366458333333        4.83932666666667      -0.114243083243151     
   1.51366458333333        5.14165958333333      -0.105343261897637     
   1.51366458333333        5.44399250000000      -9.729004556661736E-002
   1.51366458333333        5.74632541666667      -9.005091787615409E-002
   1.51366458333333        6.04865833333333      -8.351325403951002E-002
   1.51366458333333        6.35099125000000      -7.749962983314494E-002
   1.51366458333333        6.65332416666666      -7.179939839720567E-002
   1.51366458333333        6.95565708333333      -6.627392783667380E-002
   1.51366458333333        7.25799000000000      -6.091936539818041E-002
   1.81599750000000       2.000000000000000E-003 -0.449969642471596     
   1.81599750000000       0.304332916666667      -0.442510474817530     
   1.81599750000000       0.606665833333333      -0.422147753575478     
   1.81599750000000       0.908998750000000      -0.392756381564833     
   1.81599750000000        1.21133166666667      -0.359651824726998     
   1.81599750000000        1.51366458333333      -0.326530199090645     
   1.81599750000000        1.81599750000000      -0.295522289480558     
   1.81599750000000        2.11833041666667      -0.268182406940989     
   1.81599750000000        2.42066333333333      -0.244333360705964     
   1.81599750000000        2.72299625000000      -0.223048157086790     
   1.81599750000000        3.02532916666667      -0.203534439081839     
   1.81599750000000        3.32766208333333      -0.185483120425964     
   1.81599750000000        3.62999500000000      -0.168975696209850     
   1.81599750000000        3.93232791666667      -0.154183111049542     
   1.81599750000000        4.23466083333333      -0.141107723647674     
   1.81599750000000        4.53699375000000      -0.129527992434150     
   1.81599750000000        4.83932666666667      -0.119126522958093     
   1.81599750000000        5.14165958333333      -0.109655177083998     
   1.81599750000000        5.44399250000000      -0.101008043108687     
   1.81599750000000        5.74632541666667      -9.316931033494939E-002
   1.81599750000000        6.04865833333333      -8.609661960346961E-002
   1.81599750000000        6.35099125000000      -7.968869141665434E-002
   1.81599750000000        6.65332416666666      -7.378017049683244E-002
   1.81599750000000        6.95565708333333      -6.817657444942732E-002
   1.81599750000000        7.25799000000000      -6.275228537670738E-002
   2.11833041666667       2.000000000000000E-003 -0.580736066779339     
   2.11833041666667       0.304332916666667      -0.566646457806967     
   2.11833041666667       0.606665833333333      -0.528497173291636     
   2.11833041666667       0.908998750000000      -0.477216714374949     
   2.11833041666667        1.21133166666667      -0.422160804982537     
   2.11833041666667        1.51366458333333      -0.370745417575039     
   2.11833041666667        1.81599750000000      -0.326735013201111     
   2.11833041666667        2.11833041666667      -0.290631155185585     
   2.11833041666667        2.42066333333333      -0.261042882637395     
   2.11833041666667        2.72299625000000      -0.236035542797524     
   2.11833041666667        3.02532916666667      -0.214049528507956     
   2.11833041666667        3.32766208333333      -0.194255214125509     
   2.11833041666667        3.62999500000000      -0.176429116689514     
   2.11833041666667        3.93232791666667      -0.160592464257615     
   2.11833041666667        4.23466083333333      -0.146684995219694     
   2.11833041666667        4.53699375000000      -0.134446730802060     
   2.11833041666667        4.83932666666667      -0.123509339222578     
   2.11833041666667        5.14165958333333      -0.113567927108602     
   2.11833041666667        5.44399250000000      -0.104486815169640     
   2.11833041666667        5.74632541666667      -9.627198968343033E-002
   2.11833041666667        6.04865833333333      -8.894854388257435E-002
   2.11833041666667        6.35099125000000      -8.244060098673002E-002
   2.11833041666667        6.65332416666666      -7.654710084591708E-002
   2.11833041666667        6.95565708333333      -7.102827632662213E-002
   2.11833041666667        7.25799000000000      -6.558634256425716E-002
   2.42066333333333       2.000000000000000E-003 -0.792721472029215     
   2.42066333333333       0.304332916666667      -0.763799512045237     
   2.42066333333333       0.606665833333333      -0.688824204367132     
   2.42066333333333       0.908998750000000      -0.594712753884084     
   2.42066333333333        1.21133166666667      -0.503324657839892     
   2.42066333333333        1.51366458333333      -0.425291807550041     
   2.42066333333333        1.81599750000000      -0.363101592423591     
   2.42066333333333        2.11833041666667      -0.315067398523066     
   2.42066333333333        2.42066333333333      -0.277894991227044     
   2.42066333333333        2.72299625000000      -0.248201341943561     
   2.42066333333333        3.02532916666667      -0.223358024677895     
   2.42066333333333        3.32766208333333      -0.201776062602095     
   2.42066333333333        3.62999500000000      -0.182739678407519     
   2.42066333333333        3.93232791666667      -0.165998359929132     
   2.42066333333333        4.23466083333333      -0.151374395935262     
   2.42066333333333        4.53699375000000      -0.138569146079337     
   2.42066333333333        4.83932666666667      -0.127195280012851     
   2.42066333333333        5.14165958333333      -0.116926167801689     
   2.42066333333333        5.44399250000000      -0.107612808554018     
   2.42066333333333        5.74632541666667      -9.927873487542967E-002
   2.42066333333333        6.04865833333333      -9.200432390303120E-002
   2.42066333333333        6.35099125000000      -8.577473650953300E-002
   2.42066333333333        6.65332416666666      -8.036297034388662E-002
   2.42066333333333        6.95565708333333      -7.530667887925604E-002
   2.42066333333333        7.25799000000000      -7.005244649459737E-002
   2.72299625000000       2.000000000000000E-003  -1.09228835061830     
   2.72299625000000       0.304332916666667       -1.04208382525779     
   2.72299625000000       0.606665833333333      -0.911506784036032     
   2.72299625000000       0.908998750000000      -0.748271890925801     
   2.72299625000000        1.21133166666667      -0.601273498737889     
   2.72299625000000        1.51366458333333      -0.487198373724260     
   2.72299625000000        1.81599750000000      -0.402280676540142     
   2.72299625000000        2.11833041666667      -0.340014688729623     
   2.72299625000000        2.42066333333333      -0.294049998393872     
   2.72299625000000        2.72299625000000      -0.259075029440031     
   2.72299625000000        3.02532916666667      -0.231164541410838     
   2.72299625000000        3.32766208333333      -0.207819691760576     
   2.72299625000000        3.62999500000000      -0.187710719450430     
   2.72299625000000        3.93232791666667      -0.170226202565564     
   2.72299625000000        4.23466083333333      -0.155026124234817     
   2.72299625000000        4.53699375000000      -0.141770903663195     
   2.72299625000000        4.83932666666667      -0.130078522286894     
   2.72299625000000        5.14165958333333      -0.119628938733031     
   2.72299625000000        5.44399250000000      -0.110276506478837     
   2.72299625000000        5.74632541666667      -0.102068691064215     
   2.72299625000000        6.04865833333333      -9.515728421066960E-002
   2.72299625000000        6.35099125000000      -8.964085693133539E-002
   2.72299625000000        6.65332416666666      -8.526337736994911E-002
   2.72299625000000        6.95565708333333      -8.119384883764350E-002
   2.72299625000000        7.25799000000000      -7.636798400094752E-002
   3.02532916666667       2.000000000000000E-003  -1.42908889848612     
   3.02532916666667       0.304332916666667       -1.35746001098302     
   3.02532916666667       0.606665833333333       -1.16500682877047     
   3.02532916666667       0.908998750000000      -0.923385519860984     
   3.02532916666667        1.21133166666667      -0.705390128270586     
   3.02532916666667        1.51366458333333      -0.548202652439730     
   3.02532916666667        1.81599750000000      -0.439003851241472     
   3.02532916666667        2.11833041666667      -0.362439483365262     
   3.02532916666667        2.42066333333333      -0.307915742252475     
   3.02532916666667        2.72299625000000      -0.267903169496712     
   3.02532916666667        3.02532916666667      -0.237144862003266     
   3.02532916666667        3.32766208333333      -0.212245012388818     
   3.02532916666667        3.62999500000000      -0.191263317798055     
   3.02532916666667        3.93232791666667      -0.173218528221007     
   3.02532916666667        4.23466083333333      -0.157598738749313     
   3.02532916666667        4.53699375000000      -0.144023636596232     
   3.02532916666667        4.83932666666667      -0.132127743892488     
   3.02532916666667        5.14165958333333      -0.121613434843535     
   3.02532916666667        5.44399250000000      -0.112352119034702     
   3.02532916666667        5.74632541666667      -0.104431746084933     
   3.02532916666667        6.04865833333333      -9.812945603160356E-002
   3.02532916666667        6.35099125000000      -9.371165256687701E-002
   3.02532916666667        6.65332416666666      -9.066850060493462E-002
   3.02532916666667        6.95565708333333      -8.777928766316744E-002
   3.02532916666667        7.25799000000000      -8.345918367431060E-002
   3.32766208333333       2.000000000000000E-003  -1.68495426305241     
   3.32766208333333       0.304332916666667       -1.60532629621376     
   3.32766208333333       0.606665833333333       -1.37401790434263     
   3.32766208333333       0.908998750000000       -1.06705971321702     
   3.32766208333333        1.21133166666667      -0.790928506840677     
   3.32766208333333        1.51366458333333      -0.594671157114864     
   3.32766208333333        1.81599750000000      -0.465797143840646     
   3.32766208333333        2.11833041666667      -0.378315426511434     
   3.32766208333333        2.42066333333333      -0.317442158905194     
   3.32766208333333        2.72299625000000      -0.273748346070887     
   3.32766208333333        3.02532916666667      -0.240939435257665     
   3.32766208333333        3.32766208333333      -0.214950376620721     
   3.32766208333333        3.62999500000000      -0.193387384557597     
   3.32766208333333        3.93232791666667      -0.174990737982776     
   3.32766208333333        4.23466083333333      -0.159116248540559     
   3.32766208333333        4.53699375000000      -0.145352314042796     
   3.32766208333333        4.83932666666667      -0.133348885879389     
   3.32766208333333        5.14165958333333      -0.122830886277569     
   3.32766208333333        5.44399250000000      -0.113690002786656     
   3.32766208333333        5.74632541666667      -0.106060922416548     
   3.32766208333333        6.04865833333333      -0.100378160362679     
   3.32766208333333        6.35099125000000      -9.690516143792578E-002
   3.32766208333333        6.65332416666666      -9.492972832066747E-002
   3.32766208333333        6.95565708333333      -9.274682267638394E-002
   3.32766208333333        7.25799000000000      -8.866387349371488E-002
   3.62999500000000       2.000000000000000E-003  -1.87058649579667     
   3.62999500000000       0.304332916666667       -1.69781265845614     
   3.62999500000000       0.606665833333333       -1.45438696819565     
   3.62999500000000       0.908998750000000       -1.12303121608195     
   3.62999500000000        1.21133166666667      -0.824322261034628     
   3.62999500000000        1.51366458333333      -0.612284047136068     
   3.62999500000000        1.81599750000000      -0.475692993383656     
   3.62999500000000        2.11833041666667      -0.384084919697761     
   3.62999500000000        2.42066333333333      -0.320853354330370     
   3.62999500000000        2.72299625000000      -0.275803672757251     
   3.62999500000000        3.02532916666667      -0.242244571151775     
   3.62999500000000        3.32766208333333      -0.215861771547636     
   3.62999500000000        3.62999500000000      -0.194093557975929     
   3.62999500000000        3.93232791666667      -0.175576418955569     
   3.62999500000000        4.23466083333333      -0.159616534310838     
   3.62999500000000        4.53699375000000      -0.145790543688528     
   3.62999500000000        4.83932666666667      -0.133754233568474     
   3.62999500000000        5.14165958333333      -0.123242065927705     
   3.62999500000000        5.44399250000000      -0.114154707729887     
   3.62999500000000        5.74632541666667      -0.106648659754658     
   3.62999500000000        6.04865833333333      -0.101225072642787     
   3.62999500000000        6.35099125000000      -9.811488607403780E-002
   3.62999500000000        6.65332416666666      -9.650024923935292E-002
   3.62999500000000        6.95565708333333      -9.449003486178323E-002
   3.62999500000000        7.25799000000000      -9.218926721747084E-002
   3.93232791666667       2.000000000000000E-003  -1.68495897313339     
   3.93232791666667       0.304332916666667       -1.60533112649552     
   3.93232791666667       0.606665833333333       -1.37402162966720     
   3.93232791666667       0.908998750000000       -1.06706269682507     
   3.93232791666667        1.21133166666667      -0.790930189655249     
   3.93232791666667        1.51366458333333      -0.594671896182404     
   3.93232791666667        1.81599750000000      -0.465797532664085     
   3.93232791666667        2.11833041666667      -0.378315646218567     
   3.93232791666667        2.42066333333333      -0.317442274948342     
   3.93232791666667        2.72299625000000      -0.273748349122852     
   3.93232791666667        3.02532916666667      -0.240939448130390     
   3.93232791666667        3.32766208333333      -0.214950387201268     
   3.93232791666667        3.62999500000000      -0.193387395324917     
   3.93232791666667        3.93232791666667      -0.174990747751477     
   3.93232791666667        4.23466083333333      -0.159116258996242     
   3.93232791666667        4.53699375000000      -0.145352314568370     
   3.93232791666667        4.83932666666667      -0.133348894139176     
   3.93232791666667        5.14165958333333      -0.122830904470565     
   3.93232791666667        5.44399250000000      -0.113690036441747     
   3.93232791666667        5.74632541666667      -0.106060987452339     
   3.93232791666667        6.04865833333333      -0.100378232498372     
   3.93232791666667        6.35099125000000      -9.690526739484197E-002
   3.93232791666667        6.65332416666666      -9.492988787636929E-002
   3.93232791666667        6.95565708333333      -9.274713811153849E-002
   3.93232791666667        7.25799000000000      -8.866424102215707E-002
   4.23466083333333       2.000000000000000E-003  -1.42909710022169     
   4.23466083333333       0.304332916666667       -1.35746698320346     
   4.23466083333333       0.606665833333333       -1.16501322015165     
   4.23466083333333       0.908998750000000      -0.923389946033404     
   4.23466083333333        1.21133166666667      -0.705392536156905     
   4.23466083333333        1.51366458333333      -0.548203845210261     
   4.23466083333333        1.81599750000000      -0.439004492023733     
   4.23466083333333        2.11833041666667      -0.362439837840911     
   4.23466083333333        2.42066333333333      -0.307915898548440     
   4.23466083333333        2.72299625000000      -0.267903233212751     
   4.23466083333333        3.02532916666667      -0.237144889203673     
   4.23466083333333        3.32766208333333      -0.212245016855532     
   4.23466083333333        3.62999500000000      -0.191263315594027     
   4.23466083333333        3.93232791666667      -0.173218558134481     
   4.23466083333333        4.23466083333333      -0.157598753863586     
   4.23466083333333        4.53699375000000      -0.144023665151147     
   4.23466083333333        4.83932666666667      -0.132127774055596     
   4.23466083333333        5.14165958333333      -0.121613471142154     
   4.23466083333333        5.44399250000000      -0.112352200513791     
   4.23466083333333        5.74632541666667      -0.104431865685329     
   4.23466083333333        6.04865833333333      -9.812961921460026E-002
   4.23466083333333        6.35099125000000      -9.371187087605745E-002
   4.23466083333333        6.65332416666666      -9.066887890979787E-002
   4.23466083333333        6.95565708333333      -8.777991086449470E-002
   4.23466083333333        7.25799000000000      -8.345989388086232E-002
   4.53699375000000       2.000000000000000E-003  -1.09229633243040     
   4.53699375000000       0.304332916666667       -1.04209158776379     
   4.53699375000000       0.606665833333333      -0.911512902726844     
   4.53699375000000       0.908998750000000      -0.748275902497557     
   4.53699375000000        1.21133166666667      -0.601275657592359     
   4.53699375000000        1.51366458333333      -0.487199566175136     
   4.53699375000000        1.81599750000000      -0.402281326917813     
   4.53699375000000        2.11833041666667      -0.340015050111765     
   4.53699375000000        2.42066333333333      -0.294050176620704     
   4.53699375000000        2.72299625000000      -0.259075074271875     
   4.53699375000000        3.02532916666667      -0.231164525496848     
   4.53699375000000        3.32766208333333      -0.207819687125706     
   4.53699375000000        3.62999500000000      -0.187710692352233     
   4.53699375000000        3.93232791666667      -0.170226222696728     
   4.53699375000000        4.23466083333333      -0.155026167876240     
   4.53699375000000        4.53699375000000      -0.141770941540914     
   4.53699375000000        4.83932666666667      -0.130078572585442     
   4.53699375000000        5.14165958333333      -0.119629021148021     
   4.53699375000000        5.44399250000000      -0.110276622465947     
   4.53699375000000        5.74632541666667      -0.102068857572831     
   4.53699375000000        6.04865833333333      -9.515749845919563E-002
   4.53699375000000        6.35099125000000      -8.964112297217555E-002
   4.53699375000000        6.65332416666666      -8.526379934591349E-002
   4.53699375000000        6.95565708333333      -8.119446624146041E-002
   4.53699375000000        7.25799000000000      -7.636863033026783E-002
   4.83932666666667       2.000000000000000E-003 -0.792727115723421     
   4.83932666666667       0.304332916666667      -0.763804899052207     
   4.83932666666667       0.606665833333333      -0.688828216721314     
   4.83932666666667       0.908998750000000      -0.594715366019463     
   4.83932666666667        1.21133166666667      -0.503326194640030     
   4.83932666666667        1.51366458333333      -0.425292704820078     
   4.83932666666667        1.81599750000000      -0.363102078556747     
   4.83932666666667        2.11833041666667      -0.315067651045729     
   4.83932666666667        2.42066333333333      -0.277895127477120     
   4.83932666666667        2.72299625000000      -0.248201407240244     
   4.83932666666667        3.02532916666667      -0.223357970713447     
   4.83932666666667        3.32766208333333      -0.201776001902666     
   4.83932666666667        3.62999500000000      -0.182739657116392     
   4.83932666666667        3.93232791666667      -0.165998374839916     
   4.83932666666667        4.23466083333333      -0.151374452586621     
   4.83932666666667        4.53699375000000      -0.138569207338034     
   4.83932666666667        4.83932666666667      -0.127195384180048     
   4.83932666666667        5.14165958333333      -0.116926308966081     
   4.83932666666667        5.44399250000000      -0.107612980910454     
   4.83932666666667        5.74632541666667      -9.927893504374441E-002
   4.83932666666667        6.04865833333333      -9.200455488132900E-002
   4.83932666666667        6.35099125000000      -8.577499204225890E-002
   4.83932666666667        6.65332416666666      -8.036326862656061E-002
   4.83932666666667        6.95565708333333      -7.530705466127861E-002
   4.83932666666667        7.25799000000000      -7.005279809034692E-002
   5.14165958333333       2.000000000000000E-003 -0.580739271474496     
   5.14165958333333       0.304332916666667      -0.566649284388647     
   5.14165958333333       0.606665833333333      -0.528499110827156     
   5.14165958333333       0.908998750000000      -0.477218022363753     
   5.14165958333333        1.21133166666667      -0.422161516299433     
   5.14165958333333        1.51366458333333      -0.370745784549533     
   5.14165958333333        1.81599750000000      -0.326735248785389     
   5.14165958333333        2.11833041666667      -0.290631277942907     
   5.14165958333333        2.42066333333333      -0.261042942876695     
   5.14165958333333        2.72299625000000      -0.236035509400500     
   5.14165958333333        3.02532916666667      -0.214049459428089     
   5.14165958333333        3.32766208333333      -0.194255106901466     
   5.14165958333333        3.62999500000000      -0.176429047029598     
   5.14165958333333        3.93232791666667      -0.160592433677570     
   5.14165958333333        4.23466083333333      -0.146685071089897     
   5.14165958333333        4.53699375000000      -0.134446861511462     
   5.14165958333333        4.83932666666667      -0.123509505300125     
   5.14165958333333        5.14165958333333      -0.113568147736574     
   5.14165958333333        5.44399250000000      -0.104487050959083     
   5.14165958333333        5.74632541666667      -9.627220824379717E-002
   5.14165958333333        6.04865833333333      -8.894876619365348E-002
   5.14165958333333        6.35099125000000      -8.244082094969575E-002
   5.14165958333333        6.65332416666666      -7.654730988092283E-002
   5.14165958333333        6.95565708333333      -7.102848134942960E-002
   5.14165958333333        7.25799000000000      -6.558649828948321E-002
   5.44399250000000       2.000000000000000E-003 -0.449970907055417     
   5.44399250000000       0.304332916666667      -0.442511509025826     
   5.44399250000000       0.606665833333333      -0.422148214872674     
   5.44399250000000       0.908998750000000      -0.392756427863446     
   5.44399250000000        1.21133166666667      -0.359651596538743     
   5.44399250000000        1.51366458333333      -0.326530081472884     
   5.44399250000000        1.81599750000000      -0.295522243239768     
   5.44399250000000        2.11833041666667      -0.268182393052909     
   5.44399250000000        2.42066333333333      -0.244333330324170     
   5.44399250000000        2.72299625000000      -0.223048091628905     
   5.44399250000000        3.02532916666667      -0.203534308170971     
   5.44399250000000        3.32766208333333      -0.185482967638044     
   5.44399250000000        3.62999500000000      -0.168975604259997     
   5.44399250000000        3.93232791666667      -0.154183068035990     
   5.44399250000000        4.23466083333333      -0.141107811340033     
   5.44399250000000        4.53699375000000      -0.129528174189054     
   5.44399250000000        4.83932666666667      -0.119126786385658     
   5.44399250000000        5.14165958333333      -0.109655484278432     
   5.44399250000000        5.44399250000000      -0.101008333488222     
   5.44399250000000        5.74632541666667      -9.316956029194019E-002
   5.44399250000000        6.04865833333333      -8.609683290469199E-002
   5.44399250000000        6.35099125000000      -7.968888032078006E-002
   5.44399250000000        6.65332416666666      -7.378033988112746E-002
   5.44399250000000        6.95565708333333      -6.817670073920444E-002
   5.44399250000000        7.25799000000000      -6.275235843717306E-002
   5.74632541666667       2.000000000000000E-003 -0.371785705647389     
   5.74632541666667       0.304332916666667      -0.367949969114710     
   5.74632541666667       0.606665833333333      -0.356467567714883     
   5.74632541666667       0.908998750000000      -0.338371565971971     
   5.74632541666667        1.21133166666667      -0.316129421946241     
   5.74632541666667        1.51366458333333      -0.292631762453230     
   5.74632541666667        1.81599750000000      -0.269595482994865     
   5.74632541666667        2.11833041666667      -0.247920124786191     
   5.74632541666667        2.42066333333333      -0.228011112867846     
   5.74632541666667        2.72299625000000      -0.209537941092055     
   5.74632541666667        3.02532916666667      -0.192152656794932     
   5.74632541666667        3.32766208333333      -0.175804144234417     
   5.74632541666667        3.62999500000000      -0.160693839790912     
   5.74632541666667        3.93232791666667      -0.147050272598746     
   5.74632541666667        4.23466083333333      -0.134898742672372     
   5.74632541666667        4.53699375000000      -0.124043872258458     
   5.74632541666667        4.83932666666667      -0.114243425248050     
   5.74632541666667        5.14165958333333      -0.105343605537569     
   5.74632541666667        5.44399250000000      -9.729037758789361E-002
   5.74632541666667        5.74632541666667      -9.005118568245055E-002
   5.74632541666667        6.04865833333333      -8.351344145566238E-002
   5.74632541666667        6.35099125000000      -7.749973068925201E-002
   5.74632541666667        6.65332416666666      -7.179946109286725E-002
   5.74632541666667        6.95565708333333      -6.627399768064732E-002
   5.74632541666667        7.25799000000000      -6.091942415556435E-002
   6.04865833333333       2.000000000000000E-003 -0.328038619786815     
   6.04865833333333       0.304332916666667      -0.326080074102845     
   6.04865833333333       0.606665833333333      -0.318668414338450     
   6.04865833333333       0.908998750000000      -0.304814646256620     
   6.04865833333333        1.21133166666667      -0.286764973794298     
   6.04865833333333        1.51366458333333      -0.267255838617744     
   6.04865833333333        1.81599750000000      -0.247899630659146     
   6.04865833333333        2.11833041666667      -0.229382117400729     
   6.04865833333333        2.42066333333333      -0.212078151389635     
   6.04865833333333        2.72299625000000      -0.195804004577033     
   6.04865833333333        3.02532916666667      -0.180343705115756     
   6.04865833333333        3.32766208333333      -0.165646903504264     
   6.04865833333333        3.62999500000000      -0.151905188566831     
   6.04865833333333        3.93232791666667      -0.139459110252969     
   6.04865833333333        4.23466083333333      -0.128351830977839     
   6.04865833333333        4.53699375000000      -0.118296417781705     
   6.04865833333333        4.83932666666667      -0.109119172159262     
   6.04865833333333        5.14165958333333      -0.100819612113000     
   6.04865833333333        5.44399250000000      -9.343513759848623E-002
   6.04865833333333        5.74632541666667      -8.691233138844319E-002
   6.04865833333333        6.04865833333333      -8.106473369371718E-002
   6.04865833333333        6.35099125000000      -7.563462621790441E-002
   6.04865833333333        6.65332416666666      -7.031486952867472E-002
   6.04865833333333        6.95565708333333      -6.493253487050314E-002
   6.04865833333333        7.25799000000000      -5.964959919261574E-002
   6.35099125000000       2.000000000000000E-003 -0.304414934137483     
   6.35099125000000       0.304332916666667      -0.303767776156506     
   6.35099125000000       0.606665833333333      -0.296938054865412     
   6.35099125000000       0.908998750000000      -0.282380502907704     
   6.35099125000000        1.21133166666667      -0.264495779374557     
   6.35099125000000        1.51366458333333      -0.246214461778580     
   6.35099125000000        1.81599750000000      -0.228579839891243     
   6.35099125000000        2.11833041666667      -0.211943037697328     
   6.35099125000000        2.42066333333333      -0.196566630451987     
   6.35099125000000        2.72299625000000      -0.182226801602813     
   6.35099125000000        3.02532916666667      -0.168592936502216     
   6.35099125000000        3.32766208333333      -0.155349752153385     
   6.35099125000000        3.62999500000000      -0.142941631828803     
   6.35099125000000        3.93232791666667      -0.131896971761440     
   6.35099125000000        4.23466083333333      -0.121905332371140     
   6.35099125000000        4.53699375000000      -0.112625980606975     
   6.35099125000000        4.83932666666667      -0.104018546812969     
   6.35099125000000        5.14165958333333      -9.623937994493650E-002
   6.35099125000000        5.44399250000000      -8.947183646578412E-002
   6.35099125000000        5.74632541666667      -8.364652364212269E-002
   6.35099125000000        6.04865833333333      -7.853254913082831E-002
   6.35099125000000        6.35099125000000      -7.382180311490508E-002
   6.35099125000000        6.65332416666666      -6.906179673490359E-002
   6.35099125000000        6.95565708333333      -6.385734254372767E-002
   6.35099125000000        7.25799000000000      -5.857882335715279E-002
   6.65332416666666       2.000000000000000E-003 -0.286342866243302     
   6.65332416666666       0.304332916666667      -0.287593005347332     
   6.65332416666666       0.606665833333333      -0.278245070775993     
   6.65332416666666       0.908998750000000      -0.260908881078275     
   6.65332416666666        1.21133166666667      -0.243011455618003     
   6.65332416666666        1.51366458333333      -0.226065950826757     
   6.65332416666666        1.81599750000000      -0.210048332803059     
   6.65332416666666        2.11833041666667      -0.195152167999978     
   6.65332416666666        2.42066333333333      -0.181639257941553     
   6.65332416666666        2.72299625000000      -0.169283022451206     
   6.65332416666666        3.02532916666667      -0.157581996767949     
   6.65332416666666        3.32766208333333      -0.145768749517675     
   6.65332416666666        3.62999500000000      -0.134779227337478     
   6.65332416666666        3.93232791666667      -0.125538496861155     
   6.65332416666666        4.23466083333333      -0.116663107941383     
   6.65332416666666        4.53699375000000      -0.107600987025869     
   6.65332416666666        4.83932666666667      -9.913787127049158E-002
   6.65332416666666        5.14165958333333      -9.166651934908415E-002
   6.65332416666666        5.44399250000000      -8.538471916513159E-002
   6.65332416666666        5.74632541666667      -8.012791377297947E-002
   6.65332416666666        6.04865833333333      -7.564114690842949E-002
   6.65332416666666        6.35099125000000      -7.163027416982724E-002
   6.65332416666666        6.65332416666666      -6.758477757063945E-002
   6.65332416666666        6.95565708333333      -6.272879562924914E-002
   6.65332416666666        7.25799000000000      -5.734195394369173E-002
   6.95565708333333       2.000000000000000E-003 -0.255861506799622     
   6.95565708333333       0.304332916666667      -0.262792720399346     
   6.95565708333333       0.606665833333333      -0.250077746873827     
   6.95565708333333       0.908998750000000      -0.234056449139063     
   6.95565708333333        1.21133166666667      -0.219803784121761     
   6.95565708333333        1.51366458333333      -0.205857718787415     
   6.95565708333333        1.81599750000000      -0.192090095981286     
   6.95565708333333        2.11833041666667      -0.179124913514041     
   6.95565708333333        2.42066333333333      -0.167579382115154     
   6.95565708333333        2.72299625000000      -0.157528073067392     
   6.95565708333333        3.02532916666667      -0.148309720628691     
   6.95565708333333        3.32766208333333      -0.138541897318683     
   6.95565708333333        3.62999500000000      -0.129177965046416     
   6.95565708333333        3.93232791666667      -0.121375077181924     
   6.95565708333333        4.23466083333333      -0.112747386014710     
   6.95565708333333        4.53699375000000      -0.103255354359732     
   6.95565708333333        4.83932666666667      -9.444899446939682E-002
   6.95565708333333        5.14165958333333      -8.707840669431223E-002
   6.95565708333333        5.44399250000000      -8.114029561733554E-002
   6.95565708333333        5.74632541666667      -7.629300874236895E-002
   6.95565708333333        6.04865833333333      -7.220579958016862E-002
   6.95565708333333        6.35099125000000      -6.857810649931151E-002
   6.95565708333333        6.65332416666666      -6.504307434974205E-002
   6.95565708333333        6.95565708333333      -6.075483085049387E-002
   6.95565708333333        7.25799000000000      -5.519403423829895E-002
   7.25799000000000       2.000000000000000E-003 -0.225527294744151     
   7.25799000000000       0.304332916666667      -0.229381432670832     
   7.25799000000000       0.606665833333333      -0.219268755972680     
   7.25799000000000       0.908998750000000      -0.208652710607877     
   7.25799000000000        1.21133166666667      -0.198445294947142     
   7.25799000000000        1.51366458333333      -0.187251341939296     
   7.25799000000000        1.81599750000000      -0.175547860051377     
   7.25799000000000        2.11833041666667      -0.164371089028147     
   7.25799000000000        2.42066333333333      -0.154691163940630     
   7.25799000000000        2.72299625000000      -0.146814807622538     
   7.25799000000000        3.02532916666667      -0.140223767444752     
   7.25799000000000        3.32766208333333      -0.133026468198263     
   7.25799000000000        3.62999500000000      -0.125392136774641     
   7.25799000000000        3.93232791666667      -0.116752715292999     
   7.25799000000000        4.23466083333333      -0.107957569546184     
   7.25799000000000        4.53699375000000      -9.829115797726290E-002
   7.25799000000000        4.83932666666667      -8.949602925182489E-002
   7.25799000000000        5.14165958333333      -8.233005935495341E-002
   7.25799000000000        5.44399250000000      -7.674357509916663E-002
   7.25799000000000        5.74632541666667      -7.222947587218470E-002
   7.25799000000000        6.04865833333333      -6.841501009808169E-002
   7.25799000000000        6.35099125000000      -6.495716092778110E-002
   7.25799000000000        6.65332416666666      -6.146751132708619E-002
   7.25799000000000        6.95565708333333      -5.713641972183783E-002
   7.25799000000000        7.25799000000000      -5.185990811275408E-002
